[1] "Convergence check with the Rubin-Gelman diagnostic"
[1] "All chains converged."
[1] "Convergence check with the acf diagnostic"
[1] "All chains converged."
[1] "This is the mean correlation matrix of the last 1000 iterations"
        [,1]   [,2]   [,3]   [,4]   [,5]   [,6]   [,7]   [,8]   [,9]  [,10]
 [1,]  1.000  0.306  0.210  0.144  0.379  0.300 -0.302 -0.030  0.120  0.073
 [2,]  0.306  1.000  0.188 -0.324  0.350  0.058 -0.364  0.016  0.169  0.183
 [3,]  0.210  0.188  1.000 -0.153  0.289  0.142  0.014 -0.289  0.222 -0.107
 [4,]  0.144 -0.324 -0.153  1.000  0.227 -0.098 -0.254 -0.002  0.263 -0.054
 [5,]  0.379  0.350  0.289  0.227  1.000  0.089 -0.141 -0.072  0.467 -0.177
 [6,]  0.300  0.058  0.142 -0.098  0.089  1.000 -0.032 -0.235  0.193 -0.248
 [7,] -0.302 -0.364  0.014 -0.254 -0.141 -0.032  1.000 -0.396  0.054 -0.192
 [8,] -0.030  0.016 -0.289 -0.002 -0.072 -0.235 -0.396  1.000 -0.031  0.007
 [9,]  0.120  0.169  0.222  0.263  0.467  0.193  0.054 -0.031  1.000 -0.654
[10,]  0.073  0.183 -0.107 -0.054 -0.177 -0.248 -0.192  0.007 -0.654  1.000
[11,]  0.158  0.500  0.011  0.162  0.386 -0.229 -0.102 -0.152  0.417 -0.151
[12,] -0.023 -0.258  0.492 -0.158  0.110  0.397  0.290 -0.399  0.123 -0.228
[13,] -0.385 -0.672 -0.001  0.089 -0.147  0.125  0.144  0.141 -0.083 -0.309
[14,] -0.209  0.176 -0.398 -0.240 -0.192 -0.433 -0.240  0.296 -0.519  0.567
[15,]  0.033 -0.409  0.057  0.337 -0.112 -0.041 -0.146  0.277  0.132 -0.228
[16,]  0.220 -0.197  0.188  0.336  0.134 -0.370 -0.100  0.001 -0.014  0.205
[17,]  0.060  0.095  0.067 -0.075 -0.207  0.073  0.079 -0.081 -0.060  0.028
[18,] -0.042  0.270 -0.532  0.099  0.174 -0.248  0.173 -0.158  0.021  0.014
[19,] -0.033 -0.300 -0.190  0.130 -0.270 -0.072 -0.362  0.553  0.067 -0.391
[20,] -0.139  0.249  0.031 -0.199  0.292  0.337  0.135 -0.073  0.438 -0.460
       [,11]  [,12]  [,13]  [,14]  [,15]  [,16]  [,17]  [,18]  [,19]  [,20]
 [1,]  0.158 -0.023 -0.385 -0.209  0.033  0.220  0.060 -0.042 -0.033 -0.139
 [2,]  0.500 -0.258 -0.672  0.176 -0.409 -0.197  0.095  0.270 -0.300  0.249
 [3,]  0.011  0.492 -0.001 -0.398  0.057  0.188  0.067 -0.532 -0.190  0.031
 [4,]  0.162 -0.158  0.089 -0.240  0.337  0.336 -0.075  0.099  0.130 -0.199
 [5,]  0.386  0.110 -0.147 -0.192 -0.112  0.134 -0.207  0.174 -0.270  0.292
 [6,] -0.229  0.397  0.125 -0.433 -0.041 -0.370  0.073 -0.248 -0.072  0.337
 [7,] -0.102  0.290  0.144 -0.240 -0.146 -0.100  0.079  0.173 -0.362  0.135
 [8,] -0.152 -0.399  0.141  0.296  0.277  0.001 -0.081 -0.158  0.553 -0.073
 [9,]  0.417  0.123 -0.083 -0.519  0.132 -0.014 -0.060  0.021  0.067  0.438
[10,] -0.151 -0.228 -0.309  0.567 -0.228  0.205  0.028  0.014 -0.391 -0.460
[11,]  1.000 -0.338 -0.604 -0.003 -0.246 -0.025 -0.020  0.494 -0.158  0.265
[12,] -0.338  1.000  0.361 -0.574 -0.062 -0.023 -0.003 -0.560 -0.040  0.011
[13,] -0.604  0.361  1.000 -0.224  0.502  0.118 -0.263 -0.329  0.306  0.000
[14,] -0.003 -0.574 -0.224  1.000 -0.156 -0.100 -0.101  0.222 -0.036 -0.136
[15,] -0.246 -0.062  0.502 -0.156  1.000  0.388 -0.331 -0.362  0.527 -0.307
[16,] -0.025 -0.023  0.118 -0.100  0.388  1.000 -0.368 -0.145 -0.010 -0.291
[17,] -0.020 -0.003 -0.263 -0.101 -0.331 -0.368  1.000  0.026 -0.166  0.091
[18,]  0.494 -0.560 -0.329  0.222 -0.362 -0.145  0.026  1.000 -0.330  0.308
[19,] -0.158 -0.040  0.306 -0.036  0.527 -0.010 -0.166 -0.330  1.000 -0.250
[20,]  0.265  0.011  0.000 -0.136 -0.307 -0.291  0.091  0.308 -0.250  1.000
[1] "The counts generated in the last step look as follows:"
      [,1] [,2] [,3] [,4] [,5] [,6]
 [1,]    7    9    7    1    6    7
 [2,]    5    4    4    2    4    4
 [3,]    3    6    3    4    3    6
 [4,]    3    7    5    4    4    3
 [5,]    4    7    3    2    5    3
 [6,]    2    4    3    2    7    7
 [7,]    4    2    0    6    6    6
 [8,]    7    5   10    8    5    4
 [9,]    2    5    3    3    5    3
[10,]    7    4    5    4    2    5
[11,]    7    8    6    2    8    4
[12,]    2    6    3    7    7    9
[13,]    2    5    5   13    6    4
[14,]    5    3    4    4    3    3
[15,]    2    5    5    5    3    2
[16,]    5    7    4    5    2    2
[17,]    3    3    6    3    4   10
[18,]    9    4    4    2    8    2
[19,]    4    5    7    6    5    4
[20,]    7    7    5    7   10    7
[1] "The data was created with a eta of"
 [1] 2 2 2 2 2 2 2 2 2 2 2 2 2 2 2 2 2 2 2 2
[1] "The data was created with the following theta matrix:"
        [,1]   [,2]   [,3]   [,4]   [,5]   [,6]   [,7]   [,8]   [,9]  [,10]
 [1,]  0.000 -0.005  0.000  0.000  0.000  0.000 -0.009 -0.006 -0.007  0.000
 [2,] -0.005  0.000 -0.005  0.000  0.000 -0.009 -0.010 -0.007  0.000 -0.006
 [3,]  0.000 -0.005  0.000 -0.008 -0.008 -0.007 -0.006  0.000 -0.009  0.000
 [4,]  0.000  0.000 -0.008  0.000 -0.010 -0.008 -0.010  0.000 -0.007  0.000
 [5,]  0.000  0.000 -0.008 -0.010  0.000  0.000 -0.006 -0.005 -0.010 -0.010
 [6,]  0.000 -0.009 -0.007 -0.008  0.000  0.000  0.000 -0.008 -0.010  0.000
 [7,] -0.009 -0.010 -0.006 -0.010 -0.006  0.000  0.000  0.000  0.000  0.000
 [8,] -0.006 -0.007  0.000  0.000 -0.005 -0.008  0.000  0.000  0.000  0.000
 [9,] -0.007  0.000 -0.009 -0.007 -0.010 -0.010  0.000  0.000  0.000 -0.009
[10,]  0.000 -0.006  0.000  0.000 -0.010  0.000  0.000  0.000 -0.009  0.000
[11,]  0.000 -0.009  0.000 -0.008  0.000 -0.008  0.000 -0.008  0.000 -0.009
[12,] -0.009  0.000 -0.007 -0.007  0.000 -0.008 -0.007 -0.009  0.000  0.000
[13,]  0.000  0.000 -0.007  0.000 -0.005 -0.008 -0.009  0.000 -0.005 -0.006
[14,] -0.008  0.000  0.000  0.000 -0.008  0.000 -0.010 -0.006 -0.005  0.000
[15,]  0.000  0.000 -0.007 -0.008  0.000  0.000 -0.007 -0.008 -0.006  0.000
[16,]  0.000 -0.007 -0.007 -0.006 -0.008  0.000 -0.005  0.000 -0.009  0.000
[17,] -0.005 -0.009 -0.007 -0.009 -0.010  0.000  0.000 -0.010 -0.010 -0.007
[18,]  0.000 -0.010  0.000  0.000  0.000 -0.007  0.000 -0.005 -0.008 -0.009
[19,] -0.006  0.000 -0.009  0.000  0.000 -0.009 -0.007 -0.005 -0.007 -0.009
[20,] -0.009 -0.010 -0.007 -0.009  0.000  0.000 -0.005  0.000  0.000 -0.008
       [,11]  [,12]  [,13]  [,14]  [,15]  [,16]  [,17]  [,18]  [,19]  [,20]
 [1,]  0.000 -0.009  0.000 -0.008  0.000  0.000 -0.005  0.000 -0.006 -0.009
 [2,] -0.009  0.000  0.000  0.000  0.000 -0.007 -0.009 -0.010  0.000 -0.010
 [3,]  0.000 -0.007 -0.007  0.000 -0.007 -0.007 -0.007  0.000 -0.009 -0.007
 [4,] -0.008 -0.007  0.000  0.000 -0.008 -0.006 -0.009  0.000  0.000 -0.009
 [5,]  0.000  0.000 -0.005 -0.008  0.000 -0.008 -0.010  0.000  0.000  0.000
 [6,] -0.008 -0.008 -0.008  0.000  0.000  0.000  0.000 -0.007 -0.009  0.000
 [7,]  0.000 -0.007 -0.009 -0.010 -0.007 -0.005  0.000  0.000 -0.007 -0.005
 [8,] -0.008 -0.009  0.000 -0.006 -0.008  0.000 -0.010 -0.005 -0.005  0.000
 [9,]  0.000  0.000 -0.005 -0.005 -0.006 -0.009 -0.010 -0.008 -0.007  0.000
[10,] -0.009  0.000 -0.006  0.000  0.000  0.000 -0.007 -0.009 -0.009 -0.008
[11,]  0.000 -0.006 -0.009 -0.008 -0.009  0.000  0.000 -0.007 -0.008  0.000
[12,] -0.006  0.000  0.000 -0.006  0.000  0.000  0.000 -0.006  0.000 -0.006
[13,] -0.009  0.000  0.000 -0.009 -0.006 -0.008  0.000 -0.007  0.000  0.000
[14,] -0.008 -0.006 -0.009  0.000 -0.006  0.000  0.000 -0.008 -0.008  0.000
[15,] -0.009  0.000 -0.006 -0.006  0.000 -0.007  0.000 -0.009 -0.009  0.000
[16,]  0.000  0.000 -0.008  0.000 -0.007  0.000 -0.010  0.000 -0.006  0.000
[17,]  0.000  0.000  0.000  0.000  0.000 -0.010  0.000 -0.009  0.000  0.000
[18,] -0.007 -0.006 -0.007 -0.008 -0.009  0.000 -0.009  0.000 -0.009 -0.006
[19,] -0.008  0.000  0.000 -0.008 -0.009 -0.006  0.000 -0.009  0.000  0.000
[20,]  0.000 -0.006  0.000  0.000  0.000  0.000  0.000 -0.006  0.000  0.000
[1] "The mean effective sample size is"
[1] 19669.62
[1] "The mean effective sample size without burnin is"
[1] 9852.576
