[1] "Convergence check with the Rubin-Gelman diagnostic"
[1] "All chains converged."
[1] "Convergence check with the acf diagnostic"
[1] "All chains converged."
[1] "This is the mean correlation matrix of the last 10000 iterations"
        [,1]   [,2]   [,3]   [,4]   [,5]   [,6]   [,7]   [,8]   [,9]  [,10]
 [1,]  1.000 -0.241 -0.151  0.161 -0.122 -0.502 -0.301  0.169 -0.332 -0.053
 [2,] -0.241  1.000  0.173  0.165 -0.227 -0.154 -0.317 -0.002 -0.175 -0.202
 [3,] -0.151  0.173  1.000  0.262 -0.406  0.090 -0.469 -0.266 -0.555  0.253
 [4,]  0.161  0.165  0.262  1.000 -0.561  0.000 -0.613 -0.144 -0.354  0.107
 [5,] -0.122 -0.227 -0.406 -0.561  1.000  0.072  0.293  0.440  0.514  0.080
 [6,] -0.502 -0.154  0.090  0.000  0.072  1.000  0.057 -0.301  0.198 -0.204
 [7,] -0.301 -0.317 -0.469 -0.613  0.293  0.057  1.000 -0.132  0.383 -0.216
 [8,]  0.169 -0.002 -0.266 -0.144  0.440 -0.301 -0.132  1.000  0.263  0.030
 [9,] -0.332 -0.175 -0.555 -0.354  0.514  0.198  0.383  0.263  1.000  0.038
[10,] -0.053 -0.202  0.253  0.107  0.080 -0.204 -0.216  0.030  0.038  1.000
[1] "This is the mean correlation matrix of the chosen samples, adjusted for autocorretion"
        V1     V2     V3     V4     V5     V6     V7     V8     V9    V10
V1   1.000 -0.117 -0.206  0.148 -0.172 -0.334 -0.206  0.187 -0.093  0.024
V2  -0.117  1.000 -0.063 -0.131 -0.042 -0.203 -0.204 -0.041  0.189 -0.043
V3  -0.206 -0.063  1.000 -0.185 -0.052  0.182  0.006 -0.198 -0.131 -0.066
V4   0.148 -0.131 -0.185  1.000 -0.143  0.089 -0.142 -0.092 -0.205 -0.105
V5  -0.172 -0.042 -0.052 -0.143  1.000 -0.081 -0.013 -0.056 -0.069 -0.010
V6  -0.334 -0.203  0.182  0.089 -0.081  1.000  0.225 -0.257 -0.188 -0.211
V7  -0.206 -0.204  0.006 -0.142 -0.013  0.225  1.000 -0.176 -0.135 -0.116
V8   0.187 -0.041 -0.198 -0.092 -0.056 -0.257 -0.176  1.000 -0.008 -0.040
V9  -0.093  0.189 -0.131 -0.205 -0.069 -0.188 -0.135 -0.008  1.000 -0.039
V10  0.024 -0.043 -0.066 -0.105 -0.010 -0.211 -0.116 -0.040 -0.039  1.000
[1] "The counts generated in the last step look as follows:"
      [,1] [,2] [,3] [,4] [,5] [,6]
 [1,]   29   37   36   21   16   13
 [2,]   22   28   32   23   33   30
 [3,]   25   28   19   16   23   28
 [4,]   45   61   38   42   56   44
 [5,]   20   21   24   27   20   22
 [6,]   61   41   41   64   78   64
 [7,]   36   19   32   33   27   28
 [8,]   14   24   24   30   15   28
 [9,]   18   11   19   35   15   25
[10,]   12   19    8   20    9   11
[1] "The data was created with a eta of"
 [1] 5 5 5 5 5 5 5 5 5 5
[1] "The data was created with the following theta matrix:"
        [,1]   [,2]   [,3]   [,4]   [,5]   [,6]   [,7]   [,8]   [,9]  [,10]
 [1,]  0.000 -0.009 -0.008  0.000 -0.010 -0.010 -0.008  0.000 -0.007 -0.007
 [2,] -0.009  0.000 -0.006 -0.005 -0.007 -0.007 -0.010 -0.007  0.000 -0.009
 [3,] -0.008 -0.006  0.000 -0.009 -0.006  0.000 -0.008 -0.010 -0.009 -0.008
 [4,]  0.000 -0.005 -0.009  0.000 -0.006  0.000 -0.008 -0.007 -0.009 -0.008
 [5,] -0.010 -0.007 -0.006 -0.006  0.000 -0.005 -0.006 -0.006 -0.007 -0.006
 [6,] -0.010 -0.007  0.000  0.000 -0.005  0.000  0.000 -0.006 -0.006 -0.010
 [7,] -0.008 -0.010 -0.008 -0.008 -0.006  0.000  0.000 -0.009 -0.008 -0.010
 [8,]  0.000 -0.007 -0.010 -0.007 -0.006 -0.006 -0.009  0.000 -0.006 -0.010
 [9,] -0.007  0.000 -0.009 -0.009 -0.007 -0.006 -0.008 -0.006  0.000 -0.009
[10,] -0.007 -0.009 -0.008 -0.008 -0.006 -0.010 -0.010 -0.010 -0.009  0.000
[1] "The mean effective sample size is"
[1] 65970.03
[1] "The mean effective sample size without burnin is"
[1] 32935.94
