[1] "Convergence check with the Rubin-Gelman diagnostic"
[1] "All chains converged."
[1] "Convergence check with the acf diagnostic"
[1] "All chains converged."
[1] "This is the mean covariance matrix of the last 1000 iterations"
        [,1]   [,2]   [,3]   [,4]   [,5]   [,6]   [,7]   [,8]   [,9]  [,10]
 [1,]  1.000  0.351 -0.220 -0.226  0.242 -0.093  0.202 -0.170  0.018  0.082
 [2,]  0.351  1.000 -0.068 -0.136  0.036  0.188  0.215 -0.043  0.099  0.149
 [3,] -0.220 -0.068  1.000 -0.033  0.064 -0.342  0.506 -0.351 -0.149  0.202
 [4,] -0.226 -0.136 -0.033  1.000 -0.252 -0.031 -0.196  0.147 -0.249 -0.239
 [5,]  0.242  0.036  0.064 -0.252  1.000 -0.342  0.309 -0.237 -0.410 -0.073
 [6,] -0.093  0.188 -0.342 -0.031 -0.342  1.000 -0.344  0.045  0.297  0.322
 [7,]  0.202  0.215  0.506 -0.196  0.309 -0.344  1.000 -0.192 -0.106  0.001
 [8,] -0.170 -0.043 -0.351  0.147 -0.237  0.045 -0.192  1.000 -0.181 -0.596
 [9,]  0.018  0.099 -0.149 -0.249 -0.410  0.297 -0.106 -0.181  1.000  0.071
[10,]  0.082  0.149  0.202 -0.239 -0.073  0.322  0.001 -0.596  0.071  1.000
[1] "The data was created with a eta of"
 [1] 5 5 5 5 5 5 5 5 5 5
[1] "The mean effective sample size is"
[1] 9663.49
[1] "The mean effective sample size without burnin is"
[1] 4843.636
