[1] "Convergence check with the Rubin-Gelman diagnostic"
[1] "All chains converged."
[1] "Convergence check with the acf diagnostic"
[1] "All chains converged."
[1] "This is the mean correlation matrix of the chosen samples, adjusted for autocorretion"
        V1     V2     V3     V4     V5     V6     V7     V8     V9    V10
V1   1.000 -0.180  0.028 -0.043 -0.116 -0.312 -0.259  0.143  0.103  0.113
V2  -0.180  1.000 -0.111 -0.078  0.195  0.076  0.174 -0.059 -0.191 -0.001
V3   0.028 -0.111  1.000  0.114 -0.087 -0.189 -0.231 -0.024 -0.019  0.159
V4  -0.043 -0.078  0.114  1.000 -0.137 -0.104 -0.097 -0.010  0.067 -0.004
V5  -0.116  0.195 -0.087 -0.137  1.000 -0.042  0.123 -0.093 -0.155  0.108
V6  -0.312  0.076 -0.189 -0.104 -0.042  1.000  0.330 -0.163 -0.106 -0.374
V7  -0.259  0.174 -0.231 -0.097  0.123  0.330  1.000 -0.140 -0.237 -0.280
V8   0.143 -0.059 -0.024 -0.010 -0.093 -0.163 -0.140  1.000  0.055 -0.006
V9   0.103 -0.191 -0.019  0.067 -0.155 -0.106 -0.237  0.055  1.000  0.062
V10  0.113 -0.001  0.159 -0.004  0.108 -0.374 -0.280 -0.006  0.062  1.000
V11  0.207 -0.130  0.051 -0.009 -0.154 -0.320 -0.287 -0.021 -0.045  0.194
V12  0.020  0.113 -0.046 -0.025  0.069 -0.219 -0.105 -0.104  0.075  0.068
V13 -0.060 -0.140  0.044 -0.095 -0.011  0.062 -0.083 -0.034 -0.129 -0.098
V14 -0.112  0.019 -0.137 -0.077 -0.019  0.181  0.194 -0.076 -0.111 -0.141
V15 -0.177 -0.166 -0.071 -0.031 -0.169  0.228 -0.018 -0.054 -0.068 -0.213
V16  0.043 -0.073 -0.112 -0.022 -0.071 -0.046  0.089  0.026 -0.061 -0.093
V17 -0.047 -0.039 -0.023 -0.068 -0.014  0.052 -0.055 -0.088  0.098  0.114
V18 -0.106 -0.104 -0.201  0.042 -0.199  0.183  0.149 -0.049  0.096 -0.268
V19 -0.167 -0.061  0.128  0.002  0.076  0.125 -0.003 -0.054 -0.157 -0.126
V20  0.215 -0.155  0.053 -0.093 -0.126 -0.279 -0.271  0.129  0.049  0.148
       V11    V12    V13    V14    V15    V16    V17    V18    V19    V20
V1   0.207  0.020 -0.060 -0.112 -0.177  0.043 -0.047 -0.106 -0.167  0.215
V2  -0.130  0.113 -0.140  0.019 -0.166 -0.073 -0.039 -0.104 -0.061 -0.155
V3   0.051 -0.046  0.044 -0.137 -0.071 -0.112 -0.023 -0.201  0.128  0.053
V4  -0.009 -0.025 -0.095 -0.077 -0.031 -0.022 -0.068  0.042  0.002 -0.093
V5  -0.154  0.069 -0.011 -0.019 -0.169 -0.071 -0.014 -0.199  0.076 -0.126
V6  -0.320 -0.219  0.062  0.181  0.228 -0.046  0.052  0.183  0.125 -0.279
V7  -0.287 -0.105 -0.083  0.194 -0.018  0.089 -0.055  0.149 -0.003 -0.271
V8  -0.021 -0.104 -0.034 -0.076 -0.054  0.026 -0.088 -0.049 -0.054  0.129
V9  -0.045  0.075 -0.129 -0.111 -0.068 -0.061  0.098  0.096 -0.157  0.049
V10  0.194  0.068 -0.098 -0.141 -0.213 -0.093  0.114 -0.268 -0.126  0.148
V11  1.000  0.102 -0.065 -0.166 -0.102 -0.127 -0.007 -0.045 -0.036  0.203
V12  0.102  1.000 -0.084 -0.127 -0.166 -0.078 -0.078 -0.131 -0.112 -0.016
V13 -0.065 -0.084  1.000 -0.074  0.132 -0.024 -0.142 -0.105 -0.025  0.121
V14 -0.166 -0.127 -0.074  1.000  0.000 -0.002  0.019  0.033 -0.056 -0.102
V15 -0.102 -0.166  0.132  0.000  1.000  0.001 -0.120  0.210  0.073  0.041
V16 -0.127 -0.078 -0.024 -0.002  0.001  1.000 -0.097  0.103 -0.108 -0.056
V17 -0.007 -0.078 -0.142  0.019 -0.120 -0.097  1.000 -0.106 -0.021 -0.073
V18 -0.045 -0.131 -0.105  0.033  0.210  0.103 -0.106  1.000 -0.108 -0.217
V19 -0.036 -0.112 -0.025 -0.056  0.073 -0.108 -0.021 -0.108  1.000 -0.136
V20  0.203 -0.016  0.121 -0.102  0.041 -0.056 -0.073 -0.217 -0.136  1.000
[1] "The counts generated in the last step look as follows:"
      [,1] [,2] [,3] [,4] [,5] [,6]
 [1,]   17    9   15   13   13   17
 [2,]   21   18   19   12   20   24
 [3,]   20   19   19   12   11   17
 [4,]   17   12   13   16    8   11
 [5,]   21   19   15   26   24   25
 [6,]   44   41   37   30   28   31
 [7,]   19   29   22   20   27   23
 [8,]    5   11    8   11    8   20
 [9,]   23   14   20   15   14   14
[10,]   19   13   19   32   41   26
[11,]   14   23   22   35   28   31
[12,]   21   22   20   14   21   18
[13,]   19   21   12   18   11    8
[14,]   21   10   16    9   13    7
[15,]   22   19   23   19   19   19
[16,]   11   14    7   14    8   10
[17,]   14   10   22   11   19   21
[18,]   19   39   35   22   24   23
[19,]   22   22   23   17   19   24
[20,]   23   13   11   26   30   22
[1] "The data was created with a eta of"
 [1] 5 5 5 5 5 5 5 5 5 5 5 5 5 5 5 5 5 5 5 5
[1] "The data was created with the following theta matrix:"
        [,1]   [,2]   [,3]   [,4]   [,5]   [,6]   [,7]   [,8]   [,9]  [,10]
 [1,]  0.000 -0.009 -0.005 -0.007 -0.006 -0.009 -0.009  0.000  0.000 -0.007
 [2,] -0.009  0.000 -0.009 -0.006  0.000  0.000  0.000 -0.005 -0.010  0.000
 [3,] -0.005 -0.009  0.000  0.000 -0.007 -0.009 -0.010 -0.009 -0.008  0.000
 [4,] -0.007 -0.006  0.000  0.000 -0.008 -0.007 -0.007 -0.007 -0.007 -0.006
 [5,] -0.006  0.000 -0.007 -0.008  0.000 -0.007  0.000 -0.006 -0.010  0.000
 [6,] -0.009  0.000 -0.009 -0.007 -0.007  0.000  0.000 -0.007 -0.005 -0.010
 [7,] -0.009  0.000 -0.010 -0.007  0.000  0.000  0.000 -0.010 -0.009 -0.009
 [8,]  0.000 -0.005 -0.009 -0.007 -0.006 -0.007 -0.010  0.000 -0.006 -0.008
 [9,]  0.000 -0.010 -0.008 -0.007 -0.010 -0.005 -0.009 -0.006  0.000  0.000
[10,] -0.007  0.000  0.000 -0.006  0.000 -0.010 -0.009 -0.008  0.000  0.000
[11,]  0.000 -0.007 -0.007 -0.006 -0.009 -0.007 -0.007 -0.007 -0.010  0.000
[12,] -0.006  0.000 -0.007 -0.005  0.000 -0.006 -0.007 -0.009  0.000 -0.006
[13,] -0.009 -0.009  0.000 -0.009  0.000  0.000 -0.009 -0.008 -0.009 -0.009
[14,] -0.006 -0.009 -0.010 -0.009 -0.005  0.000  0.000 -0.010 -0.010 -0.006
[15,] -0.010 -0.010 -0.008 -0.006 -0.010  0.000 -0.005 -0.010 -0.007 -0.009
[16,]  0.000 -0.008 -0.008 -0.009 -0.009 -0.009  0.000 -0.006 -0.009 -0.009
[17,] -0.006 -0.009 -0.007 -0.005 -0.005  0.000 -0.006 -0.009  0.000  0.000
[18,] -0.008 -0.008 -0.009  0.000 -0.008  0.000  0.000 -0.005  0.000 -0.010
[19,] -0.008 -0.006  0.000 -0.006  0.000  0.000 -0.006 -0.008 -0.007 -0.009
[20,]  0.000 -0.009 -0.006 -0.009 -0.009 -0.006 -0.009  0.000 -0.007  0.000
       [,11]  [,12]  [,13]  [,14]  [,15]  [,16]  [,17]  [,18]  [,19]  [,20]
 [1,]  0.000 -0.006 -0.009 -0.006 -0.010  0.000 -0.006 -0.008 -0.008  0.000
 [2,] -0.007  0.000 -0.009 -0.009 -0.010 -0.008 -0.009 -0.008 -0.006 -0.009
 [3,] -0.007 -0.007  0.000 -0.010 -0.008 -0.008 -0.007 -0.009  0.000 -0.006
 [4,] -0.006 -0.005 -0.009 -0.009 -0.006 -0.009 -0.005  0.000 -0.006 -0.009
 [5,] -0.009  0.000  0.000 -0.005 -0.010 -0.009 -0.005 -0.008  0.000 -0.009
 [6,] -0.007 -0.006  0.000  0.000  0.000 -0.009  0.000  0.000  0.000 -0.006
 [7,] -0.007 -0.007 -0.009  0.000 -0.005  0.000 -0.006  0.000 -0.006 -0.009
 [8,] -0.007 -0.009 -0.008 -0.010 -0.010 -0.006 -0.009 -0.005 -0.008  0.000
 [9,] -0.010  0.000 -0.009 -0.010 -0.007 -0.009  0.000  0.000 -0.007 -0.007
[10,]  0.000 -0.006 -0.009 -0.006 -0.009 -0.009  0.000 -0.010 -0.009  0.000
[11,]  0.000  0.000 -0.007 -0.009 -0.008 -0.010 -0.006  0.000  0.000  0.000
[12,]  0.000  0.000 -0.008 -0.010 -0.008 -0.006 -0.007 -0.007 -0.009 -0.009
[13,] -0.007 -0.008  0.000 -0.009  0.000 -0.008 -0.010 -0.009 -0.008  0.000
[14,] -0.009 -0.010 -0.009  0.000 -0.008 -0.007 -0.005 -0.005 -0.007 -0.007
[15,] -0.008 -0.008  0.000 -0.008  0.000 -0.005 -0.010  0.000  0.000  0.000
[16,] -0.010 -0.006 -0.008 -0.007 -0.005  0.000 -0.008  0.000 -0.008 -0.008
[17,] -0.006 -0.007 -0.010 -0.005 -0.010 -0.008  0.000 -0.008 -0.007 -0.008
[18,]  0.000 -0.007 -0.009 -0.005  0.000  0.000 -0.008  0.000 -0.009 -0.009
[19,]  0.000 -0.009 -0.008 -0.007  0.000 -0.008 -0.007 -0.009  0.000 -0.009
[20,]  0.000 -0.009  0.000 -0.007  0.000 -0.008 -0.008 -0.009 -0.009  0.000
[1] "The mean effective sample size is"
[1] 6330.829
[1] "The mean effective sample size without burnin is"
[1] 3134.233
