[1] "Convergence check with the Rubin-Gelman diagnostic"
[1] "All chains converged."
[1] "Convergence check with the acf diagnostic"
[1] "All chains converged."
[1] "This is the mean covariance matrix of the last 1000 iterations"
        [,1]   [,2]   [,3]   [,4]   [,5]   [,6]   [,7]   [,8]   [,9]  [,10]
 [1,]  1.000 -0.652  0.466  0.484 -0.695  0.047  0.714  0.451 -0.153 -0.541
 [2,] -0.652  1.000 -0.592 -0.408  0.636  0.162 -0.720 -0.425  0.111  0.331
 [3,]  0.466 -0.592  1.000  0.371 -0.408 -0.237  0.629  0.154 -0.188 -0.157
 [4,]  0.484 -0.408  0.371  1.000 -0.567 -0.533  0.487 -0.006 -0.611 -0.369
 [5,] -0.695  0.636 -0.408 -0.567  1.000  0.208 -0.675 -0.451  0.440  0.294
 [6,]  0.047  0.162 -0.237 -0.533  0.208  1.000 -0.151  0.080  0.557 -0.021
 [7,]  0.714 -0.720  0.629  0.487 -0.675 -0.151  1.000  0.239 -0.236 -0.456
 [8,]  0.451 -0.425  0.154 -0.006 -0.451  0.080  0.239  1.000  0.122 -0.366
 [9,] -0.153  0.111 -0.188 -0.611  0.440  0.557 -0.236  0.122  1.000  0.159
[10,] -0.541  0.331 -0.157 -0.369  0.294 -0.021 -0.456 -0.366  0.159  1.000
[1] "The data was created with a eta of"
 [1] 3 3 3 3 3 3 3 3 3 3
[1] "The mean effective sample size is"
[1] 3753.21
[1] "The mean effective sample size without burnin is"
[1] 1909.055
