[1] "Convergence check with the Rubin-Gelman diagnostic"
[1] "All chains converged."
[1] "Convergence check with the acf diagnostic"
[1] "All chains converged."
[1] "This is the mean correlation matrix of the last 10000 iterations"
      [,1] [,2]   [,3] [,4]   [,5] [,6] [,7] [,8]   [,9]  [,10]
 [1,]    1   NA     NA   NA     NA   NA   NA   NA     NA     NA
 [2,]   NA    1     NA   NA     NA   NA   NA   NA     NA     NA
 [3,]   NA   NA  1.000   NA  0.568   NA   NA   NA  0.436 -0.176
 [4,]   NA   NA     NA    1     NA   NA   NA   NA     NA     NA
 [5,]   NA   NA  0.568   NA  1.000   NA   NA   NA  0.273 -0.186
 [6,]   NA   NA     NA   NA     NA    1   NA   NA     NA     NA
 [7,]   NA   NA     NA   NA     NA   NA    1   NA     NA     NA
 [8,]   NA   NA     NA   NA     NA   NA   NA    1     NA     NA
 [9,]   NA   NA  0.436   NA  0.273   NA   NA   NA  1.000 -0.346
[10,]   NA   NA -0.176   NA -0.186   NA   NA   NA -0.346  1.000
[1] "This is the mean correlation matrix of the chosen samples, adjusted for autocorretion"
        V1     V2     V3     V4     V5     V6     V7     V8     V9    V10
V1   1.000 -0.042 -0.202 -0.105  0.091 -0.155 -0.023 -0.053 -0.236  0.049
V2  -0.042  1.000 -0.243 -0.006 -0.304  0.042  0.060 -0.116  0.068 -0.063
V3  -0.202 -0.243  1.000  0.043  0.204 -0.342 -0.187 -0.358  0.264 -0.174
V4  -0.105 -0.006  0.043  1.000 -0.319 -0.071  0.183 -0.081 -0.206  0.016
V5   0.091 -0.304  0.204 -0.319  1.000 -0.305 -0.311 -0.021  0.098  0.039
V6  -0.155  0.042 -0.342 -0.071 -0.305  1.000  0.077  0.206  0.023 -0.142
V7  -0.023  0.060 -0.187  0.183 -0.311  0.077  1.000  0.013 -0.250  0.050
V8  -0.053 -0.116 -0.358 -0.081 -0.021  0.206  0.013  1.000 -0.298  0.022
V9  -0.236  0.068  0.264 -0.206  0.098  0.023 -0.250 -0.298  1.000 -0.406
V10  0.049 -0.063 -0.174  0.016  0.039 -0.142  0.050  0.022 -0.406  1.000
[1] "The counts generated in the last step look as follows:"
      [,1] [,2] [,3] [,4] [,5] [,6]
 [1,]    2    3    6    3   11    2
 [2,]    5    2    1    3    2    1
 [3,]    1    9    6    3    3    0
 [4,]    1    0    0    0    0    1
 [5,]   11   23   18   10   18   13
 [6,]    5    1    3    3    1    6
 [7,]    1    0    0    1    0    0
 [8,]    3    2    1    5    0    5
 [9,]    8   13   12    6    7   13
[10,]    2    2    2    6    4    3
[1] "The data was created with a eta of"
 [1] 3 3 3 3 3 3 3 3 3 3
[1] "The data was created with the following theta matrix:"
        [,1]   [,2]   [,3]   [,4]   [,5]   [,6]   [,7]   [,8]   [,9]  [,10]
 [1,]  0.000 -0.068 -0.066 -0.096  0.000 -0.092 -0.070 -0.084 -0.056 -0.065
 [2,] -0.068  0.000 -0.091 -0.077 -0.063 -0.086 -0.053 -0.091  0.000 -0.054
 [3,] -0.066 -0.091  0.000  0.000  0.000 -0.088 -0.069 -0.077  0.000 -0.052
 [4,] -0.096 -0.077  0.000  0.000 -0.086 -0.091  0.000 -0.071 -0.071 -0.056
 [5,]  0.000 -0.063  0.000 -0.086  0.000 -0.055 -0.083  0.000  0.000  0.000
 [6,] -0.092 -0.086 -0.088 -0.091 -0.055  0.000 -0.051  0.000  0.000 -0.077
 [7,] -0.070 -0.053 -0.069  0.000 -0.083 -0.051  0.000 -0.081 -0.091 -0.062
 [8,] -0.084 -0.091 -0.077 -0.071  0.000  0.000 -0.081  0.000 -0.061 -0.062
 [9,] -0.056  0.000  0.000 -0.071  0.000  0.000 -0.091 -0.061  0.000 -0.084
[10,] -0.065 -0.054 -0.052 -0.056  0.000 -0.077 -0.062 -0.062 -0.084  0.000
[1] "The mean effective sample size is"
[1] 53028.95
[1] "The mean effective sample size without burnin is"
[1] 26476.61
