[1] "Convergence check with the Rubin-Gelman diagnostic"
[1] "All chains converged."
[1] "Convergence check with the acf diagnostic"
[1] "All chains converged."
[1] "This is the mean correlation matrix of the chosen samples, adjusted for autocorretion"
        V1     V2     V3     V4     V5     V6     V7     V8     V9    V10
V1   1.000 -0.047  0.189  0.136 -0.115 -0.094 -0.254 -0.044 -0.260 -0.217
V2  -0.047  1.000 -0.120 -0.116 -0.050 -0.033 -0.138  0.148 -0.100 -0.152
V3   0.189 -0.120  1.000 -0.108 -0.047  0.161 -0.203 -0.124 -0.201 -0.254
V4   0.136 -0.116 -0.108  1.000 -0.247 -0.167 -0.138 -0.166 -0.074  0.135
V5  -0.115 -0.050 -0.047 -0.247  1.000 -0.026  0.134  0.011 -0.118 -0.206
V6  -0.094 -0.033  0.161 -0.167 -0.026  1.000 -0.209 -0.073 -0.081 -0.190
V7  -0.254 -0.138 -0.203 -0.138  0.134 -0.209  1.000 -0.057 -0.002  0.156
V8  -0.044  0.148 -0.124 -0.166  0.011 -0.073 -0.057  1.000 -0.088 -0.205
V9  -0.260 -0.100 -0.201 -0.074 -0.118 -0.081 -0.002 -0.088  1.000  0.199
V10 -0.217 -0.152 -0.254  0.135 -0.206 -0.190  0.156 -0.205  0.199  1.000
[1] "The counts generated in the last step look as follows:"
      [,1] [,2] [,3] [,4] [,5] [,6]
 [1,]   26   46   38   49   45   35
 [2,]   18   12   15   16   16   19
 [3,]   28   41   25   34   33   42
 [4,]   53   46   49   51   50   38
 [5,]   25   29   18   21   20   29
 [6,]   20   23   20   12   19   17
 [7,]   51   30   36   34   31   38
 [8,]   10   15   16   15   21    9
 [9,]   34   27   34   30   20   27
[10,]   68   51   73   57   70   69
[1] "The data was created with a eta of"
 [1] 5 5 5 5 5 5 5 5 5 5
[1] "The data was created with the following theta matrix:"
        [,1]   [,2]   [,3]   [,4]   [,5]   [,6]   [,7]   [,8]   [,9]  [,10]
 [1,]  0.000 -0.007  0.000  0.000 -0.007 -0.009 -0.008 -0.007 -0.009 -0.005
 [2,] -0.007  0.000 -0.010 -0.007 -0.008 -0.007 -0.010  0.000 -0.008 -0.006
 [3,]  0.000 -0.010  0.000 -0.005 -0.006  0.000 -0.006 -0.010 -0.007 -0.005
 [4,]  0.000 -0.007 -0.005  0.000 -0.008 -0.006 -0.005 -0.008 -0.005  0.000
 [5,] -0.007 -0.008 -0.006 -0.008  0.000 -0.005  0.000 -0.007 -0.008 -0.007
 [6,] -0.009 -0.007  0.000 -0.006 -0.005  0.000 -0.009 -0.010 -0.006 -0.005
 [7,] -0.008 -0.010 -0.006 -0.005  0.000 -0.009  0.000 -0.006 -0.006  0.000
 [8,] -0.007  0.000 -0.010 -0.008 -0.007 -0.010 -0.006  0.000 -0.008 -0.008
 [9,] -0.009 -0.008 -0.007 -0.005 -0.008 -0.006 -0.006 -0.008  0.000  0.000
[10,] -0.005 -0.006 -0.005  0.000 -0.007 -0.005  0.000 -0.008  0.000  0.000
[1] "The mean effective sample size is"
[1] 65534.55
[1] "The mean effective sample size without burnin is"
[1] 32634.1
