[1] "Convergence check with the Rubin-Gelman diagnostic"
[1] "All chains converged."
[1] "Convergence check with the acf diagnostic"
 [1] "Chains that did not converge: X_6 chain 4 did not converge, the last acf value, lag 47 is 0.155410175545211 and should be smaller than 0.05"  
 [2] "Chains that did not converge: X_6 chain 5 did not converge, the last acf value, lag 47 is 0.0580589020519602 and should be smaller than 0.05" 
 [3] "Chains that did not converge: X_6 chain 6 did not converge, the last acf value, lag 47 is 0.105648793988123 and should be smaller than 0.05"  
 [4] "Chains that did not converge: X_10 chain 1 did not converge, the last acf value, lag 47 is 0.0638555817042891 and should be smaller than 0.05"
 [5] "Chains that did not converge: X_10 chain 4 did not converge, the last acf value, lag 47 is 0.155026115550682 and should be smaller than 0.05" 
 [6] "Chains that did not converge: X_10 chain 5 did not converge, the last acf value, lag 47 is 0.0522834849766493 and should be smaller than 0.05"
 [7] "Chains that did not converge: X_10 chain 6 did not converge, the last acf value, lag 47 is 0.145832688997436 and should be smaller than 0.05" 
 [8] "Chains that did not converge: X_15 chain 1 did not converge, the last acf value, lag 47 is 0.073830549527645 and should be smaller than 0.05" 
 [9] "Chains that did not converge: X_15 chain 4 did not converge, the last acf value, lag 47 is 0.143702041294782 and should be smaller than 0.05" 
[10] "Chains that did not converge: X_15 chain 5 did not converge, the last acf value, lag 47 is 0.0628875327413659 and should be smaller than 0.05"
[11] "Chains that did not converge: X_15 chain 6 did not converge, the last acf value, lag 47 is 0.0864058809622513 and should be smaller than 0.05"
[12] "Chains that did not converge: X_16 chain 4 did not converge, the last acf value, lag 47 is 0.080982900072386 and should be smaller than 0.05" 
[13] "Chains that did not converge: X_16 chain 6 did not converge, the last acf value, lag 47 is 0.0563623757895702 and should be smaller than 0.05"
[14] "Chains that did not converge: X_18 chain 4 did not converge, the last acf value, lag 47 is 0.0940961754906287 and should be smaller than 0.05"
[15] "Chains that did not converge: X_21 chain 1 did not converge, the last acf value, lag 47 is 0.0593477574393217 and should be smaller than 0.05"
[16] "Chains that did not converge: X_21 chain 4 did not converge, the last acf value, lag 47 is 0.150208726888247 and should be smaller than 0.05" 
[17] "Chains that did not converge: X_21 chain 5 did not converge, the last acf value, lag 47 is 0.0506369839917528 and should be smaller than 0.05"
[18] "Chains that did not converge: X_21 chain 6 did not converge, the last acf value, lag 47 is 0.10735720170315 and should be smaller than 0.05"  
[1] "This is the mean correlation matrix of the chosen samples, adjusted for autocorretion"
        V1     V2     V3     V4     V5     V6     V7     V8     V9    V10
V1   1.000  0.060 -0.187  0.065  0.056  0.019  0.012 -0.178  0.099  0.007
V2   0.060  1.000 -0.472 -0.093  0.171 -0.061 -0.052 -0.509  0.265  0.023
V3  -0.187 -0.472  1.000 -0.037 -0.288 -0.295  0.051  0.565 -0.210 -0.240
V4   0.065 -0.093 -0.037  1.000  0.079  0.112  0.046  0.046 -0.119  0.034
V5   0.056  0.171 -0.288  0.079  1.000  0.159  0.021 -0.309  0.166  0.107
V6   0.019 -0.061 -0.295  0.112  0.159  1.000  0.013 -0.187  0.033  0.442
V7   0.012 -0.052  0.051  0.046  0.021  0.013  1.000  0.081 -0.168  0.035
V8  -0.178 -0.509  0.565  0.046 -0.309 -0.187  0.081  1.000 -0.514 -0.176
V9   0.099  0.265 -0.210 -0.119  0.166  0.033 -0.168 -0.514  1.000 -0.112
V10  0.007  0.023 -0.240  0.034  0.107  0.442  0.035 -0.176 -0.112  1.000
V11 -0.027  0.308 -0.359 -0.035  0.157  0.045 -0.014 -0.338  0.216 -0.002
V12 -0.228 -0.129  0.321 -0.146 -0.312 -0.219 -0.198  0.309 -0.116 -0.247
V13 -0.030 -0.106  0.355 -0.163 -0.351 -0.423 -0.184  0.307 -0.142 -0.232
V14  0.077  0.101 -0.303  0.006  0.236  0.297  0.043 -0.299  0.172  0.191
V15  0.024  0.213 -0.371 -0.003  0.293  0.460  0.019 -0.352  0.077  0.494
V16  0.071  0.207 -0.309  0.040  0.083  0.273 -0.054 -0.264 -0.165  0.371
V17  0.062 -0.321  0.196  0.100 -0.063 -0.009 -0.134  0.167  0.072 -0.171
V18 -0.004  0.221 -0.441  0.011  0.359  0.499  0.009 -0.412  0.160  0.378
V19  0.038  0.088 -0.181  0.027 -0.082 -0.141 -0.121  0.030 -0.097 -0.033
V20  0.161  0.068 -0.253 -0.019  0.093 -0.032 -0.056 -0.310  0.287 -0.041
V21 -0.004 -0.059 -0.163  0.072  0.010  0.437 -0.018 -0.047 -0.226  0.497
V22  0.047  0.085 -0.230  0.022  0.103  0.182  0.079 -0.240  0.064  0.183
V23 -0.127  0.095  0.213 -0.210 -0.328 -0.429  0.005  0.159 -0.104 -0.120
V24 -0.091 -0.258  0.119  0.022  0.114  0.161  0.095  0.086  0.105 -0.127
V25 -0.175 -0.238  0.369 -0.062 -0.134 -0.210  0.179  0.412 -0.398 -0.106
       V11    V12    V13    V14    V15    V16    V17    V18    V19    V20
V1  -0.027 -0.228 -0.030  0.077  0.024  0.071  0.062 -0.004  0.038  0.161
V2   0.308 -0.129 -0.106  0.101  0.213  0.207 -0.321  0.221  0.088  0.068
V3  -0.359  0.321  0.355 -0.303 -0.371 -0.309  0.196 -0.441 -0.181 -0.253
V4  -0.035 -0.146 -0.163  0.006 -0.003  0.040  0.100  0.011  0.027 -0.019
V5   0.157 -0.312 -0.351  0.236  0.293  0.083 -0.063  0.359 -0.082  0.093
V6   0.045 -0.219 -0.423  0.297  0.460  0.273 -0.009  0.499 -0.141 -0.032
V7  -0.014 -0.198 -0.184  0.043  0.019 -0.054 -0.134  0.009 -0.121 -0.056
V8  -0.338  0.309  0.307 -0.299 -0.352 -0.264  0.167 -0.412  0.030 -0.310
V9   0.216 -0.116 -0.142  0.172  0.077 -0.165  0.072  0.160 -0.097  0.287
V10 -0.002 -0.247 -0.232  0.191  0.494  0.371 -0.171  0.378 -0.033 -0.041
V11  1.000 -0.116 -0.338  0.149  0.140 -0.024 -0.279  0.320 -0.164  0.037
V12 -0.116  1.000  0.334 -0.343 -0.390 -0.117  0.136 -0.309  0.063 -0.308
V13 -0.338  0.334  1.000 -0.372 -0.413 -0.081  0.159 -0.520  0.220 -0.069
V14  0.149 -0.343 -0.372  1.000  0.396  0.067 -0.201  0.435 -0.089  0.161
V15  0.140 -0.390 -0.413  0.396  1.000  0.340 -0.288  0.571 -0.149  0.074
V16 -0.024 -0.117 -0.081  0.067  0.340  1.000 -0.115  0.249 -0.023 -0.120
V17 -0.279  0.136  0.159 -0.201 -0.288 -0.115  1.000 -0.300  0.158  0.078
V18  0.320 -0.309 -0.520  0.435  0.571  0.249 -0.300  1.000 -0.251  0.067
V19 -0.164  0.063  0.220 -0.089 -0.149 -0.023  0.158 -0.251  1.000  0.094
V20  0.037 -0.308 -0.069  0.161  0.074 -0.120  0.078  0.067  0.094  1.000
V21 -0.077 -0.123 -0.119  0.117  0.379  0.387 -0.153  0.325 -0.109 -0.140
V22  0.067 -0.297 -0.252  0.182  0.305  0.179 -0.187  0.188 -0.095  0.036
V23 -0.065  0.187  0.382 -0.183 -0.170 -0.064 -0.305 -0.371  0.126 -0.077
V24  0.098  0.013 -0.346  0.069 -0.120 -0.317  0.191  0.110 -0.235  0.022
V25 -0.027  0.152  0.101 -0.158 -0.129 -0.211 -0.336 -0.133 -0.249 -0.265
       V21    V22    V23    V24    V25
V1  -0.004  0.047 -0.127 -0.091 -0.175
V2  -0.059  0.085  0.095 -0.258 -0.238
V3  -0.163 -0.230  0.213  0.119  0.369
V4   0.072  0.022 -0.210  0.022 -0.062
V5   0.010  0.103 -0.328  0.114 -0.134
V6   0.437  0.182 -0.429  0.161 -0.210
V7  -0.018  0.079  0.005  0.095  0.179
V8  -0.047 -0.240  0.159  0.086  0.412
V9  -0.226  0.064 -0.104  0.105 -0.398
V10  0.497  0.183 -0.120 -0.127 -0.106
V11 -0.077  0.067 -0.065  0.098 -0.027
V12 -0.123 -0.297  0.187  0.013  0.152
V13 -0.119 -0.252  0.382 -0.346  0.101
V14  0.117  0.182 -0.183  0.069 -0.158
V15  0.379  0.305 -0.170 -0.120 -0.129
V16  0.387  0.179 -0.064 -0.317 -0.211
V17 -0.153 -0.187 -0.305  0.191 -0.336
V18  0.325  0.188 -0.371  0.110 -0.133
V19 -0.109 -0.095  0.126 -0.235 -0.249
V20 -0.140  0.036 -0.077  0.022 -0.265
V21  1.000  0.125 -0.193 -0.155 -0.055
V22  0.125  1.000 -0.043 -0.100 -0.049
V23 -0.193 -0.043  1.000 -0.384  0.250
V24 -0.155 -0.100 -0.384  1.000  0.049
V25 -0.055 -0.049  0.250  0.049  1.000
[1] "The counts generated in the last step look as follows:"
      [,1] [,2] [,3] [,4] [,5] [,6]
 [1,]    1    0    0    0    0    1
 [2,]    2    3    2    0    0    4
 [3,]    6    5    6    9   13    3
 [4,]    0    0    0    0    0    0
 [5,]    1    1    0    1    0    0
 [6,]    0    0    0    1    0    3
 [7,]    0    0    0    0    0    0
 [8,]    4    5   18   13   22    2
 [9,]    9    2    3    2    1   17
[10,]    0    1    1    0    0    0
[11,]    2    2    1    0    0    3
[12,]   18   15   23   19   17   23
[13,]   21    7   19   11   21    8
[14,]    0    0    0    0    0    0
[15,]    0    3    0    1    1    0
[16,]    0    2    2    1    0    2
[17,]   10    2    5    9    2    9
[18,]    0    2    1    1    0    5
[19,]    5    0    4    5    1    1
[20,]    4    3    1    1    1    1
[21,]    0    3    0    1    0    0
[22,]    0    0    0    1    1    0
[23,]    6   11   10    8   16    4
[24,]    5    3    0    5    1    6
[25,]    2    8    3    7   17    0
[1] "The data was created with a eta of"
 [1] 3 3 3 3 3 3 3 3 3 3 3 3 3 3 3 3 3 3 3 3 3 3 3 3 3
[1] "The data was created with the following theta matrix:"
        [,1]   [,2]   [,3]   [,4]   [,5]   [,6]   [,7]   [,8]   [,9]  [,10]
 [1,]  0.000 -0.052 -0.084  0.000 -0.090 -0.085  0.000 -0.060  0.000 -0.095
 [2,] -0.052  0.000 -0.078 -0.067  0.000 -0.084  0.000 -0.093  0.000 -0.090
 [3,] -0.084 -0.078  0.000  0.000 -0.058 -0.088  0.000  0.000  0.000 -0.087
 [4,]  0.000 -0.067  0.000  0.000  0.000  0.000 -0.052  0.000 -0.082 -0.092
 [5,] -0.090  0.000 -0.058  0.000  0.000 -0.090 -0.065 -0.089  0.000  0.000
 [6,] -0.085 -0.084 -0.088  0.000 -0.090  0.000  0.000  0.000  0.000  0.000
 [7,]  0.000  0.000  0.000 -0.052 -0.065  0.000  0.000  0.000 -0.096  0.000
 [8,] -0.060 -0.093  0.000  0.000 -0.089  0.000  0.000  0.000 -0.066 -0.061
 [9,]  0.000  0.000  0.000 -0.082  0.000  0.000 -0.096 -0.066  0.000 -0.086
[10,] -0.095 -0.090 -0.087 -0.092  0.000  0.000  0.000 -0.061 -0.086  0.000
[11,] -0.096  0.000 -0.097  0.000 -0.071 -0.077 -0.089 -0.058  0.000 -0.088
[12,] -0.068  0.000  0.000 -0.067 -0.070  0.000 -0.085  0.000  0.000 -0.055
[13,]  0.000  0.000  0.000 -0.087 -0.063 -0.082 -0.078  0.000  0.000 -0.053
[14,]  0.000 -0.072 -0.077 -0.081 -0.051  0.000 -0.056 -0.085  0.000 -0.089
[15,] -0.070  0.000 -0.073 -0.098  0.000  0.000 -0.072 -0.081  0.000  0.000
[16,]  0.000  0.000 -0.051  0.000  0.000  0.000 -0.059 -0.058 -0.073  0.000
[17,]  0.000 -0.074  0.000  0.000  0.000  0.000 -0.073  0.000  0.000 -0.080
[18,] -0.079  0.000 -0.071 -0.069  0.000  0.000 -0.050 -0.055  0.000  0.000
[19,] -0.073  0.000 -0.083  0.000  0.000 -0.055 -0.087  0.000 -0.050  0.000
[20,]  0.000 -0.064 -0.059 -0.063 -0.070 -0.088 -0.053 -0.068  0.000 -0.086
[21,] -0.054 -0.065 -0.059  0.000 -0.086  0.000 -0.095  0.000 -0.071  0.000
[22,] -0.065 -0.071 -0.055 -0.088 -0.095  0.000  0.000 -0.075  0.000 -0.077
[23,] -0.071  0.000  0.000 -0.083 -0.098 -0.100  0.000  0.000  0.000  0.000
[24,] -0.099 -0.061  0.000 -0.086  0.000  0.000  0.000  0.000  0.000 -0.092
[25,] -0.052 -0.060  0.000 -0.058  0.000 -0.069  0.000  0.000 -0.072 -0.073
       [,11]  [,12]  [,13]  [,14]  [,15]  [,16]  [,17]  [,18]  [,19]  [,20]
 [1,] -0.096 -0.068  0.000  0.000 -0.070  0.000  0.000 -0.079 -0.073  0.000
 [2,]  0.000  0.000  0.000 -0.072  0.000  0.000 -0.074  0.000  0.000 -0.064
 [3,] -0.097  0.000  0.000 -0.077 -0.073 -0.051  0.000 -0.071 -0.083 -0.059
 [4,]  0.000 -0.067 -0.087 -0.081 -0.098  0.000  0.000 -0.069  0.000 -0.063
 [5,] -0.071 -0.070 -0.063 -0.051  0.000  0.000  0.000  0.000  0.000 -0.070
 [6,] -0.077  0.000 -0.082  0.000  0.000  0.000  0.000  0.000 -0.055 -0.088
 [7,] -0.089 -0.085 -0.078 -0.056 -0.072 -0.059 -0.073 -0.050 -0.087 -0.053
 [8,] -0.058  0.000  0.000 -0.085 -0.081 -0.058  0.000 -0.055  0.000 -0.068
 [9,]  0.000  0.000  0.000  0.000  0.000 -0.073  0.000  0.000 -0.050  0.000
[10,] -0.088 -0.055 -0.053 -0.089  0.000  0.000 -0.080  0.000  0.000 -0.086
[11,]  0.000  0.000 -0.057 -0.076 -0.058 -0.066 -0.060  0.000 -0.090 -0.071
[12,]  0.000  0.000  0.000 -0.073 -0.056  0.000  0.000  0.000  0.000 -0.051
[13,] -0.057  0.000  0.000 -0.098 -0.089  0.000  0.000 -0.053  0.000  0.000
[14,] -0.076 -0.073 -0.098  0.000  0.000 -0.059 -0.097  0.000  0.000  0.000
[15,] -0.058 -0.056 -0.089  0.000  0.000  0.000 -0.083  0.000 -0.067  0.000
[16,] -0.066  0.000  0.000 -0.059  0.000  0.000  0.000  0.000 -0.073 -0.097
[17,] -0.060  0.000  0.000 -0.097 -0.083  0.000  0.000 -0.084  0.000  0.000
[18,]  0.000  0.000 -0.053  0.000  0.000  0.000 -0.084  0.000 -0.083  0.000
[19,] -0.090  0.000  0.000  0.000 -0.067 -0.073  0.000 -0.083  0.000  0.000
[20,] -0.071 -0.051  0.000  0.000  0.000 -0.097  0.000  0.000  0.000  0.000
[21,] -0.085  0.000  0.000  0.000  0.000  0.000 -0.078  0.000 -0.092 -0.087
[22,] -0.067 -0.070 -0.064 -0.069  0.000  0.000 -0.058 -0.061 -0.069 -0.057
[23,]  0.000  0.000  0.000  0.000  0.000  0.000 -0.052 -0.068  0.000  0.000
[24,]  0.000  0.000 -0.056  0.000 -0.083 -0.091  0.000  0.000 -0.060  0.000
[25,]  0.000  0.000  0.000 -0.091  0.000 -0.069 -0.097  0.000 -0.087 -0.063
       [,21]  [,22]  [,23]  [,24]  [,25]
 [1,] -0.054 -0.065 -0.071 -0.099 -0.052
 [2,] -0.065 -0.071  0.000 -0.061 -0.060
 [3,] -0.059 -0.055  0.000  0.000  0.000
 [4,]  0.000 -0.088 -0.083 -0.086 -0.058
 [5,] -0.086 -0.095 -0.098  0.000  0.000
 [6,]  0.000  0.000 -0.100  0.000 -0.069
 [7,] -0.095  0.000  0.000  0.000  0.000
 [8,]  0.000 -0.075  0.000  0.000  0.000
 [9,] -0.071  0.000  0.000  0.000 -0.072
[10,]  0.000 -0.077  0.000 -0.092 -0.073
[11,] -0.085 -0.067  0.000  0.000  0.000
[12,]  0.000 -0.070  0.000  0.000  0.000
[13,]  0.000 -0.064  0.000 -0.056  0.000
[14,]  0.000 -0.069  0.000  0.000 -0.091
[15,]  0.000  0.000  0.000 -0.083  0.000
[16,]  0.000  0.000  0.000 -0.091 -0.069
[17,] -0.078 -0.058 -0.052  0.000 -0.097
[18,]  0.000 -0.061 -0.068  0.000  0.000
[19,] -0.092 -0.069  0.000 -0.060 -0.087
[20,] -0.087 -0.057  0.000  0.000 -0.063
[21,]  0.000  0.000 -0.062 -0.090 -0.054
[22,]  0.000  0.000  0.000 -0.089  0.000
[23,] -0.062  0.000  0.000 -0.055  0.000
[24,] -0.090 -0.089 -0.055  0.000  0.000
[25,] -0.054  0.000  0.000  0.000  0.000
[1] "The mean effective sample size is"
[1] 21130.28
[1] "The mean effective sample size without burnin is"
[1] 10525.82
