[1] "Convergence check with the Rubin-Gelman diagnostic"
[1] "All chains converged."
[1] "Convergence check with the acf diagnostic"
[1] "This is the mean correlation matrix of the chosen samples, adjusted for autocorretion"
        V1     V2     V3     V4     V5     V6     V7     V8     V9    V10
V1   1.000 -0.069 -0.001 -0.001  0.008  0.066 -0.002 -0.003  0.012 -0.002
V2  -0.069  1.000  0.006 -0.012 -0.035 -0.919  0.017  0.000 -0.055  0.016
V3  -0.001  0.006  1.000  0.000 -0.003 -0.009 -0.004 -0.001 -0.001  0.000
V4  -0.001 -0.012  0.000  1.000 -0.003  0.023 -0.005 -0.001 -0.001  0.000
V5   0.008 -0.035 -0.003 -0.003  1.000  0.033 -0.009  0.011  0.002 -0.005
V6   0.066 -0.919 -0.009  0.023  0.033  1.000 -0.012  0.002  0.059 -0.017
V7  -0.002  0.017 -0.004 -0.005 -0.009 -0.012  1.000 -0.006 -0.017  0.004
V8  -0.003  0.000 -0.001 -0.001  0.011  0.002 -0.006  1.000  0.003  0.036
V9   0.012 -0.055 -0.001 -0.001  0.002  0.059 -0.017  0.003  1.000 -0.001
V10 -0.002  0.016  0.000  0.000 -0.005 -0.017  0.004  0.036 -0.001  1.000
V11 -0.005  0.144 -0.002 -0.002 -0.020 -0.133 -0.007  0.012 -0.010 -0.003
V12     NA     NA     NA     NA     NA     NA     NA     NA     NA     NA
V13  0.031 -0.002 -0.001 -0.001 -0.005  0.002  0.000 -0.010 -0.005 -0.002
V14  0.002 -0.003  0.009  0.014  0.006  0.006 -0.009 -0.009 -0.048 -0.006
V15 -0.003  0.011  0.000  0.000 -0.008 -0.005 -0.018  0.024 -0.002 -0.001
V16 -0.007 -0.026 -0.001 -0.001 -0.012  0.014 -0.008  0.013 -0.005 -0.002
V17  0.019 -0.006 -0.002 -0.002 -0.006 -0.003  0.007 -0.005 -0.010  0.031
V18 -0.008  0.024 -0.010  0.003 -0.122 -0.021  0.015 -0.007 -0.041  0.007
V19  0.007 -0.011 -0.001 -0.001  0.015  0.009  0.002 -0.013 -0.009 -0.003
V20  0.009 -0.169 -0.002 -0.002  0.040  0.178 -0.079 -0.001  0.030 -0.004
V21     NA     NA     NA     NA     NA     NA     NA     NA     NA     NA
V22 -0.001 -0.016  0.000  0.000 -0.004  0.013 -0.005 -0.002 -0.001  0.000
V23 -0.042  0.015  0.027 -0.018 -0.003 -0.017 -0.016 -0.013  0.012 -0.011
V24 -0.005  0.001 -0.006 -0.008 -0.085 -0.001 -0.013 -0.079  0.010  0.006
V25 -0.068 -0.001 -0.012  0.000  0.017 -0.005  0.000 -0.087  0.022 -0.016
       V11 V12    V13    V14    V15    V16    V17    V18    V19    V20 V21
V1  -0.005  NA  0.031  0.002 -0.003 -0.007  0.019 -0.008  0.007  0.009  NA
V2   0.144  NA -0.002 -0.003  0.011 -0.026 -0.006  0.024 -0.011 -0.169  NA
V3  -0.002  NA -0.001  0.009  0.000 -0.001 -0.002 -0.010 -0.001 -0.002  NA
V4  -0.002  NA -0.001  0.014  0.000 -0.001 -0.002  0.003 -0.001 -0.002  NA
V5  -0.020  NA -0.005  0.006 -0.008 -0.012 -0.006 -0.122  0.015  0.040  NA
V6  -0.133  NA  0.002  0.006 -0.005  0.014 -0.003 -0.021  0.009  0.178  NA
V7  -0.007  NA  0.000 -0.009 -0.018 -0.008  0.007  0.015  0.002 -0.079  NA
V8   0.012  NA -0.010 -0.009  0.024  0.013 -0.005 -0.007 -0.013 -0.001  NA
V9  -0.010  NA -0.005 -0.048 -0.002 -0.005 -0.010 -0.041 -0.009  0.030  NA
V10 -0.003  NA -0.002 -0.006 -0.001 -0.002  0.031  0.007 -0.003 -0.004  NA
V11  1.000  NA  0.000 -0.062 -0.005 -0.011  0.020  0.013  0.018 -0.021  NA
V12     NA   1     NA     NA     NA     NA     NA     NA     NA     NA  NA
V13  0.000  NA  1.000 -0.018 -0.002 -0.005  0.010 -0.020 -0.009  0.004  NA
V14 -0.062  NA -0.018  1.000 -0.012 -0.038 -0.093 -0.006 -0.063  0.000  NA
V15 -0.005  NA -0.002 -0.012  1.000 -0.002 -0.005  0.006 -0.004 -0.006  NA
V16 -0.011  NA -0.005 -0.038 -0.002  1.000  0.029  0.001  0.013  0.002  NA
V17  0.020  NA  0.010 -0.093 -0.005  0.029  1.000 -0.013  0.001 -0.010  NA
V18  0.013  NA -0.020 -0.006  0.006  0.001 -0.013  1.000 -0.090 -0.086  NA
V19  0.018  NA -0.009 -0.063 -0.004  0.013  0.001 -0.090  1.000  0.000  NA
V20 -0.021  NA  0.004  0.000 -0.006  0.002 -0.010 -0.086  0.000  1.000  NA
V21     NA  NA     NA     NA     NA     NA     NA     NA     NA     NA   1
V22 -0.002  NA -0.001 -0.004  0.000 -0.001 -0.002  0.001 -0.002  0.036  NA
V23  0.012  NA -0.003  0.004  0.003 -0.008 -0.068  0.007 -0.001 -0.018  NA
V24 -0.001  NA  0.007 -0.006  0.016  0.004 -0.007  0.027 -0.008 -0.006  NA
V25 -0.077  NA -0.050  0.008 -0.006  0.007 -0.004  0.023  0.013 -0.008  NA
       V22    V23    V24    V25
V1  -0.001 -0.042 -0.005 -0.068
V2  -0.016  0.015  0.001 -0.001
V3   0.000  0.027 -0.006 -0.012
V4   0.000 -0.018 -0.008  0.000
V5  -0.004 -0.003 -0.085  0.017
V6   0.013 -0.017 -0.001 -0.005
V7  -0.005 -0.016 -0.013  0.000
V8  -0.002 -0.013 -0.079 -0.087
V9  -0.001  0.012  0.010  0.022
V10  0.000 -0.011  0.006 -0.016
V11 -0.002  0.012 -0.001 -0.077
V12     NA     NA     NA     NA
V13 -0.001 -0.003  0.007 -0.050
V14 -0.004  0.004 -0.006  0.008
V15  0.000  0.003  0.016 -0.006
V16 -0.001 -0.008  0.004  0.007
V17 -0.002 -0.068 -0.007 -0.004
V18  0.001  0.007  0.027  0.023
V19 -0.002 -0.001 -0.008  0.013
V20  0.036 -0.018 -0.006 -0.008
V21     NA     NA     NA     NA
V22  1.000  0.005 -0.008  0.024
V23  0.005  1.000  0.018  0.008
V24 -0.008  0.018  1.000  0.007
V25  0.024  0.008  0.007  1.000
[1] "The counts generated in the last step look as follows:"
      [,1] [,2] [,3] [,4] [,5] [,6]
 [1,]    0    0    0    0    0    0
 [2,]   44    1    1   46   51   51
 [3,]    0    0    0    0    0    0
 [4,]    0    0    0    0    0    0
 [5,]    0    0    0    0    0    0
 [6,]    3   57   46    4    1    3
 [7,]   53   52   61   59   59   47
 [8,]    0    0    0    0    0    0
 [9,]    0    0    0    0    0    0
[10,]    0    0    0    0    0    0
[11,]    0    0    0    0    0    0
[12,]    0    0    0    0    0    0
[13,]    0    0    0    0    0    0
[14,]   45   45   45   48   58   65
[15,]    0    0    0    0    0    0
[16,]    0    0    0    0    0    0
[17,]    0    0    0    0    0    0
[18,]   54   50   52   49   45   58
[19,]    0    0    0    0    0    0
[20,]    0    0    0    0    0    0
[21,]    0    0    0    0    0    0
[22,]    0    0    0    0    0    0
[23,]   60   50   51   53   52   48
[24,]   49   52   61   45   56   48
[25,]   52   57   47   43   47   61
[1] "The data was created with a eta of"
 [1] 4 4 4 4 4 4 4 4 4 4 4 4 4 4 4 4 4 4 4 4 4 4 4 4 4
[1] "The data was created with the following theta matrix:"
        [,1]   [,2]   [,3]   [,4]   [,5]   [,6]   [,7]   [,8]   [,9]  [,10]
 [1,]  0.000 -0.052  0.000  0.000  0.000  0.000  0.000 -0.054  0.000  0.000
 [2,] -0.052  0.000  0.000 -0.088  0.000 -0.064  0.000  0.000 -0.053  0.000
 [3,]  0.000  0.000  0.000 -0.084 -0.099  0.000 -0.053  0.000 -0.087 -0.078
 [4,]  0.000 -0.088 -0.084  0.000  0.000  0.000 -0.067 -0.079 -0.080  0.000
 [5,]  0.000  0.000 -0.099  0.000  0.000  0.000  0.000 -0.084 -0.099 -0.075
 [6,]  0.000 -0.064  0.000  0.000  0.000  0.000  0.000  0.000  0.000  0.000
 [7,]  0.000  0.000 -0.053 -0.067  0.000  0.000  0.000  0.000  0.000  0.000
 [8,] -0.054  0.000  0.000 -0.079 -0.084  0.000  0.000  0.000  0.000  0.000
 [9,]  0.000 -0.053 -0.087 -0.080 -0.099  0.000  0.000  0.000  0.000 -0.080
[10,]  0.000  0.000 -0.078  0.000 -0.075  0.000  0.000  0.000 -0.080  0.000
[11,]  0.000  0.000  0.000  0.000 -0.099 -0.078  0.000  0.000 -0.099 -0.087
[12,]  0.000 -0.090 -0.071  0.000 -0.071  0.000 -0.089 -0.075  0.000 -0.073
[13,] -0.068  0.000 -0.074  0.000  0.000  0.000  0.000  0.000  0.000 -0.096
[14,]  0.000  0.000  0.000  0.000  0.000  0.000  0.000  0.000 -0.090 -0.071
[15,] -0.092  0.000  0.000 -0.062  0.000  0.000 -0.063  0.000  0.000 -0.093
[16,]  0.000 -0.075  0.000 -0.071  0.000 -0.060 -0.055  0.000 -0.065  0.000
[17,]  0.000  0.000 -0.081 -0.087  0.000  0.000  0.000 -0.083 -0.100  0.000
[18,]  0.000  0.000 -0.058 -0.075 -0.069  0.000  0.000  0.000 -0.077  0.000
[19,]  0.000  0.000 -0.057  0.000 -0.076  0.000  0.000 -0.066 -0.083  0.000
[20,]  0.000 -0.077 -0.100 -0.084  0.000  0.000 -0.066 -0.082  0.000  0.000
[21,] -0.062 -0.069  0.000  0.000  0.000 -0.068  0.000  0.000 -0.074  0.000
[22,]  0.000 -0.100 -0.091  0.000  0.000  0.000 -0.092 -0.079  0.000 -0.070
[23,] -0.057  0.000  0.000 -0.093  0.000  0.000  0.000  0.000  0.000 -0.071
[24,]  0.000  0.000 -0.058  0.000 -0.058  0.000  0.000 -0.070  0.000  0.000
[25,] -0.100  0.000 -0.075  0.000  0.000  0.000  0.000 -0.083  0.000 -0.086
       [,11]  [,12]  [,13]  [,14]  [,15]  [,16]  [,17]  [,18]  [,19]  [,20]
 [1,]  0.000  0.000 -0.068  0.000 -0.092  0.000  0.000  0.000  0.000  0.000
 [2,]  0.000 -0.090  0.000  0.000  0.000 -0.075  0.000  0.000  0.000 -0.077
 [3,]  0.000 -0.071 -0.074  0.000  0.000  0.000 -0.081 -0.058 -0.057 -0.100
 [4,]  0.000  0.000  0.000  0.000 -0.062 -0.071 -0.087 -0.075  0.000 -0.084
 [5,] -0.099 -0.071  0.000  0.000  0.000  0.000  0.000 -0.069 -0.076  0.000
 [6,] -0.078  0.000  0.000  0.000  0.000 -0.060  0.000  0.000  0.000  0.000
 [7,]  0.000 -0.089  0.000  0.000 -0.063 -0.055  0.000  0.000  0.000 -0.066
 [8,]  0.000 -0.075  0.000  0.000  0.000  0.000 -0.083  0.000 -0.066 -0.082
 [9,] -0.099  0.000  0.000 -0.090  0.000 -0.065 -0.100 -0.077 -0.083  0.000
[10,] -0.087 -0.073 -0.096 -0.071 -0.093  0.000  0.000  0.000  0.000  0.000
[11,]  0.000 -0.056  0.000 -0.063 -0.075 -0.068  0.000  0.000 -0.073  0.000
[12,] -0.056  0.000 -0.072  0.000  0.000  0.000  0.000  0.000  0.000  0.000
[13,]  0.000 -0.072  0.000  0.000 -0.063 -0.052  0.000 -0.087  0.000  0.000
[14,] -0.063  0.000  0.000  0.000 -0.070 -0.063 -0.083  0.000 -0.072  0.000
[15,] -0.075  0.000 -0.063 -0.070  0.000 -0.059  0.000  0.000 -0.081  0.000
[16,] -0.068  0.000 -0.052 -0.063 -0.059  0.000  0.000  0.000 -0.061  0.000
[17,]  0.000  0.000  0.000 -0.083  0.000  0.000  0.000  0.000  0.000  0.000
[18,]  0.000  0.000 -0.087  0.000  0.000  0.000  0.000  0.000 -0.080 -0.055
[19,] -0.073  0.000  0.000 -0.072 -0.081 -0.061  0.000 -0.080  0.000 -0.084
[20,]  0.000  0.000  0.000  0.000  0.000  0.000  0.000 -0.055 -0.084  0.000
[21,] -0.077  0.000 -0.078 -0.055  0.000  0.000 -0.092 -0.100 -0.100 -0.086
[22,]  0.000  0.000  0.000  0.000  0.000  0.000  0.000 -0.088 -0.098  0.000
[23,]  0.000 -0.080  0.000  0.000  0.000  0.000 -0.063  0.000  0.000  0.000
[24,]  0.000  0.000  0.000  0.000  0.000  0.000  0.000  0.000  0.000  0.000
[25,] -0.065 -0.098 -0.094  0.000 -0.077  0.000  0.000  0.000  0.000  0.000
       [,21]  [,22]  [,23]  [,24]  [,25]
 [1,] -0.062  0.000 -0.057  0.000 -0.100
 [2,] -0.069 -0.100  0.000  0.000  0.000
 [3,]  0.000 -0.091  0.000 -0.058 -0.075
 [4,]  0.000  0.000 -0.093  0.000  0.000
 [5,]  0.000  0.000  0.000 -0.058  0.000
 [6,] -0.068  0.000  0.000  0.000  0.000
 [7,]  0.000 -0.092  0.000  0.000  0.000
 [8,]  0.000 -0.079  0.000 -0.070 -0.083
 [9,] -0.074  0.000  0.000  0.000  0.000
[10,]  0.000 -0.070 -0.071  0.000 -0.086
[11,] -0.077  0.000  0.000  0.000 -0.065
[12,]  0.000  0.000 -0.080  0.000 -0.098
[13,] -0.078  0.000  0.000  0.000 -0.094
[14,] -0.055  0.000  0.000  0.000  0.000
[15,]  0.000  0.000  0.000  0.000 -0.077
[16,]  0.000  0.000  0.000  0.000  0.000
[17,] -0.092  0.000 -0.063  0.000  0.000
[18,] -0.100 -0.088  0.000  0.000  0.000
[19,] -0.100 -0.098  0.000  0.000  0.000
[20,] -0.086  0.000  0.000  0.000  0.000
[21,]  0.000 -0.088 -0.074 -0.097  0.000
[22,] -0.088  0.000 -0.061  0.000  0.000
[23,] -0.074 -0.061  0.000  0.000  0.000
[24,] -0.097  0.000  0.000  0.000  0.000
[25,]  0.000  0.000  0.000  0.000  0.000
[1] "The mean effective sample size is"
[1] 85869.03
[1] "The mean effective sample size without burnin is"
[1] 38219.4
