[1] "Convergence check with the Rubin-Gelman diagnostic"
[1] "All chains converged."
[1] "Convergence check with the acf diagnostic"
[1] "All chains converged."
[1] "This is the mean correlation matrix of the last 10000 iterations"
        [,1]   [,2]   [,3] [,4]   [,5]   [,6]   [,7]   [,8]   [,9]  [,10]
 [1,]  1.000  0.204  0.361   NA -0.189 -0.021  0.323 -0.103  0.402  0.146
 [2,]  0.204  1.000  0.713   NA  0.216 -0.162 -0.039 -0.381 -0.314  0.314
 [3,]  0.361  0.713  1.000   NA -0.045 -0.158  0.161 -0.337 -0.176  0.331
 [4,]     NA     NA     NA    1     NA     NA     NA     NA     NA     NA
 [5,] -0.189  0.216 -0.045   NA  1.000 -0.198  0.103 -0.204  0.144  0.441
 [6,] -0.021 -0.162 -0.158   NA -0.198  1.000  0.100 -0.155  0.252  0.006
 [7,]  0.323 -0.039  0.161   NA  0.103  0.100  1.000 -0.231  0.557  0.471
 [8,] -0.103 -0.381 -0.337   NA -0.204 -0.155 -0.231  1.000  0.125 -0.188
 [9,]  0.402 -0.314 -0.176   NA  0.144  0.252  0.557  0.125  1.000  0.361
[10,]  0.146  0.314  0.331   NA  0.441  0.006  0.471 -0.188  0.361  1.000
[11,]  0.102  0.198  0.393   NA -0.055 -0.208  0.155 -0.283 -0.434 -0.139
[12,]     NA     NA     NA   NA     NA     NA     NA     NA     NA     NA
[13,]     NA     NA     NA   NA     NA     NA     NA     NA     NA     NA
[14,]  0.268 -0.244 -0.090   NA  0.236 -0.056  0.114  0.018  0.214  0.201
[15,] -0.220 -0.023 -0.350   NA  0.095  0.237 -0.043 -0.100  0.000 -0.174
[16,] -0.195 -0.515 -0.612   NA -0.271  0.313 -0.126  0.298  0.141 -0.300
[17,] -0.162 -0.061  0.071   NA -0.087  0.008 -0.027  0.069  0.214  0.227
[18,]  0.182  0.527  0.334   NA  0.597 -0.106  0.162 -0.454 -0.069  0.377
[19,] -0.447 -0.218 -0.054   NA  0.201  0.036  0.036  0.021 -0.169  0.031
[20,] -0.014  0.524  0.551   NA  0.162 -0.212 -0.294 -0.366 -0.523  0.079
[21,]     NA     NA     NA   NA     NA     NA     NA     NA     NA     NA
[22,]  0.328 -0.273 -0.281   NA -0.485  0.312 -0.224  0.052  0.091 -0.343
[23,]  0.375  0.275  0.234   NA -0.277 -0.047 -0.118 -0.082  0.037 -0.015
[24,]     NA     NA     NA   NA     NA     NA     NA     NA     NA     NA
[25,] -0.113 -0.450 -0.360   NA -0.448  0.109 -0.184  0.149  0.022 -0.440
[26,] -0.077 -0.332 -0.386   NA  0.396  0.090  0.019 -0.095  0.420  0.187
[27,]  0.292  0.175  0.264   NA -0.327  0.110  0.451 -0.154  0.111  0.098
[28,] -0.625 -0.022 -0.128   NA  0.208 -0.003  0.044 -0.133 -0.301  0.016
[29,] -0.139 -0.173 -0.303   NA  0.524 -0.272  0.407  0.189  0.332  0.377
[30,]     NA     NA     NA   NA     NA     NA     NA     NA     NA     NA
[31,] -0.060  0.328  0.111   NA  0.130 -0.117  0.132 -0.387 -0.093 -0.048
[32,]  0.007 -0.049  0.060   NA -0.174 -0.351 -0.035  0.303 -0.189 -0.370
[33,]  0.619  0.474  0.632   NA -0.043  0.036  0.402 -0.334  0.077  0.385
[34,] -0.110  0.188  0.085   NA  0.114  0.266  0.187 -0.204 -0.154  0.077
[35,]  0.197 -0.401 -0.280   NA -0.056  0.347  0.284 -0.241  0.190 -0.295
[36,] -0.083  0.522  0.378   NA -0.214 -0.249 -0.253  0.063 -0.403  0.164
[37,] -0.322 -0.333 -0.416   NA  0.341  0.033 -0.325 -0.002 -0.159 -0.318
[38,] -0.506 -0.397 -0.300   NA -0.302  0.151 -0.245  0.062 -0.317 -0.431
[39,] -0.408  0.274  0.194   NA  0.470 -0.414 -0.129 -0.104 -0.441  0.135
[40,]     NA     NA     NA   NA     NA     NA     NA     NA     NA     NA
[41,]  0.011  0.502  0.452   NA  0.163 -0.148  0.016 -0.322 -0.503  0.073
[42,]  0.166 -0.534 -0.334   NA  0.231  0.174  0.071  0.116  0.473  0.108
[43,]  0.063 -0.534 -0.317   NA -0.199  0.410  0.344 -0.121  0.393 -0.032
[44,] -0.321 -0.259 -0.360   NA -0.293  0.393 -0.031  0.189  0.000 -0.148
[45,]     NA     NA     NA   NA     NA     NA     NA     NA     NA     NA
[46,] -0.339 -0.286 -0.211   NA  0.063 -0.225 -0.131  0.184  0.132  0.085
[47,] -0.151  0.354  0.212   NA  0.154 -0.330 -0.435 -0.068 -0.609 -0.251
[48,]  0.061  0.098 -0.144   NA -0.256  0.234 -0.207  0.044 -0.112 -0.433
[49,]     NA     NA     NA   NA     NA     NA     NA     NA     NA     NA
[50,]  0.319  0.372  0.301   NA  0.049 -0.373 -0.313  0.080 -0.210 -0.039
       [,11] [,12] [,13]  [,14]  [,15]  [,16]  [,17]  [,18]  [,19]  [,20] [,21]
 [1,]  0.102    NA    NA  0.268 -0.220 -0.195 -0.162  0.182 -0.447 -0.014    NA
 [2,]  0.198    NA    NA -0.244 -0.023 -0.515 -0.061  0.527 -0.218  0.524    NA
 [3,]  0.393    NA    NA -0.090 -0.350 -0.612  0.071  0.334 -0.054  0.551    NA
 [4,]     NA    NA    NA     NA     NA     NA     NA     NA     NA     NA    NA
 [5,] -0.055    NA    NA  0.236  0.095 -0.271 -0.087  0.597  0.201  0.162    NA
 [6,] -0.208    NA    NA -0.056  0.237  0.313  0.008 -0.106  0.036 -0.212    NA
 [7,]  0.155    NA    NA  0.114 -0.043 -0.126 -0.027  0.162  0.036 -0.294    NA
 [8,] -0.283    NA    NA  0.018 -0.100  0.298  0.069 -0.454  0.021 -0.366    NA
 [9,] -0.434    NA    NA  0.214  0.000  0.141  0.214 -0.069 -0.169 -0.523    NA
[10,] -0.139    NA    NA  0.201 -0.174 -0.300  0.227  0.377  0.031  0.079    NA
[11,]  1.000    NA    NA -0.001 -0.300 -0.435 -0.291  0.320  0.244  0.403    NA
[12,]     NA     1    NA     NA     NA     NA     NA     NA     NA     NA    NA
[13,]     NA    NA     1     NA     NA     NA     NA     NA     NA     NA    NA
[14,] -0.001    NA    NA  1.000 -0.162 -0.036 -0.275  0.158 -0.238  0.060    NA
[15,] -0.300    NA    NA -0.162  1.000  0.281 -0.335  0.246 -0.079 -0.307    NA
[16,] -0.435    NA    NA -0.036  0.281  1.000  0.037 -0.341 -0.294 -0.659    NA
[17,] -0.291    NA    NA -0.275 -0.335  0.037  1.000 -0.191  0.212 -0.180    NA
[18,]  0.320    NA    NA  0.158  0.246 -0.341 -0.191  1.000 -0.008  0.271    NA
[19,]  0.244    NA    NA -0.238 -0.079 -0.294  0.212 -0.008  1.000  0.208    NA
[20,]  0.403    NA    NA  0.060 -0.307 -0.659 -0.180  0.271  0.208  1.000    NA
[21,]     NA    NA    NA     NA     NA     NA     NA     NA     NA     NA     1
[22,] -0.349    NA    NA  0.163  0.150  0.317 -0.116 -0.348 -0.359 -0.143    NA
[23,] -0.185    NA    NA -0.304 -0.359 -0.064  0.379 -0.151 -0.284  0.105    NA
[24,]     NA    NA    NA     NA     NA     NA     NA     NA     NA     NA    NA
[25,] -0.165    NA    NA  0.039 -0.101  0.552 -0.028 -0.539 -0.270 -0.231    NA
[26,] -0.454    NA    NA  0.421  0.062  0.397  0.043  0.075 -0.221 -0.229    NA
[27,]  0.147    NA    NA -0.301  0.050 -0.089  0.018  0.024 -0.207 -0.097    NA
[28,]  0.100    NA    NA -0.310  0.123  0.117  0.288  0.125  0.529 -0.037    NA
[29,] -0.179    NA    NA  0.100  0.178  0.049 -0.006  0.112  0.104 -0.346    NA
[30,]     NA    NA    NA     NA     NA     NA     NA     NA     NA     NA    NA
[31,] -0.089    NA    NA -0.395  0.438  0.046 -0.103  0.286 -0.175  0.053    NA
[32,]  0.388    NA    NA -0.105 -0.249 -0.226 -0.127 -0.258  0.107  0.060    NA
[33,]  0.339    NA    NA  0.090 -0.238 -0.581 -0.027  0.327 -0.074  0.259    NA
[34,]  0.299    NA    NA -0.044  0.457  0.039 -0.545  0.330 -0.010  0.044    NA
[35,]  0.012    NA    NA  0.220  0.351  0.202 -0.309  0.081  0.068 -0.257    NA
[36,]  0.003    NA    NA -0.284 -0.108 -0.303  0.238 -0.022 -0.066  0.325    NA
[37,]  0.167    NA    NA  0.289  0.317  0.168 -0.260  0.246  0.154 -0.121    NA
[38,]  0.170    NA    NA -0.198  0.169  0.272  0.028 -0.293  0.389 -0.187    NA
[39,]  0.453    NA    NA  0.011 -0.299 -0.322 -0.026  0.317  0.241  0.419    NA
[40,]     NA    NA    NA     NA     NA     NA     NA     NA     NA     NA    NA
[41,]  0.571    NA    NA  0.152 -0.135 -0.509 -0.402  0.356 -0.058  0.524    NA
[42,] -0.244    NA    NA  0.498 -0.005  0.100 -0.118 -0.108  0.204 -0.177    NA
[43,] -0.171    NA    NA  0.169  0.004  0.480  0.032 -0.345  0.028 -0.453    NA
[44,] -0.432    NA    NA -0.113  0.307  0.724 -0.016 -0.436 -0.192 -0.458    NA
[45,]     NA    NA    NA     NA     NA     NA     NA     NA     NA     NA    NA
[46,] -0.300    NA    NA  0.039  0.040  0.275  0.493 -0.116  0.153 -0.365    NA
[47,]  0.416    NA    NA  0.205  0.018 -0.258 -0.307  0.329 -0.159  0.445    NA
[48,] -0.093    NA    NA -0.347  0.069  0.004 -0.153 -0.296 -0.114  0.008    NA
[49,]     NA    NA    NA     NA     NA     NA     NA     NA     NA     NA    NA
[50,]  0.197    NA    NA  0.103 -0.436 -0.277 -0.005  0.227 -0.331  0.462    NA
       [,22]  [,23] [,24]  [,25]  [,26]  [,27]  [,28]  [,29] [,30]  [,31]
 [1,]  0.328  0.375    NA -0.113 -0.077  0.292 -0.625 -0.139    NA -0.060
 [2,] -0.273  0.275    NA -0.450 -0.332  0.175 -0.022 -0.173    NA  0.328
 [3,] -0.281  0.234    NA -0.360 -0.386  0.264 -0.128 -0.303    NA  0.111
 [4,]     NA     NA    NA     NA     NA     NA     NA     NA    NA     NA
 [5,] -0.485 -0.277    NA -0.448  0.396 -0.327  0.208  0.524    NA  0.130
 [6,]  0.312 -0.047    NA  0.109  0.090  0.110 -0.003 -0.272    NA -0.117
 [7,] -0.224 -0.118    NA -0.184  0.019  0.451  0.044  0.407    NA  0.132
 [8,]  0.052 -0.082    NA  0.149 -0.095 -0.154 -0.133  0.189    NA -0.387
 [9,]  0.091  0.037    NA  0.022  0.420  0.111 -0.301  0.332    NA -0.093
[10,] -0.343 -0.015    NA -0.440  0.187  0.098  0.016  0.377    NA -0.048
[11,] -0.349 -0.185    NA -0.165 -0.454  0.147  0.100 -0.179    NA -0.089
[12,]     NA     NA    NA     NA     NA     NA     NA     NA    NA     NA
[13,]     NA     NA    NA     NA     NA     NA     NA     NA    NA     NA
[14,]  0.163 -0.304    NA  0.039  0.421 -0.301 -0.310  0.100    NA -0.395
[15,]  0.150 -0.359    NA -0.101  0.062  0.050  0.123  0.178    NA  0.438
[16,]  0.317 -0.064    NA  0.552  0.397 -0.089  0.117  0.049    NA  0.046
[17,] -0.116  0.379    NA -0.028  0.043  0.018  0.288 -0.006    NA -0.103
[18,] -0.348 -0.151    NA -0.539  0.075  0.024  0.125  0.112    NA  0.286
[19,] -0.359 -0.284    NA -0.270 -0.221 -0.207  0.529  0.104    NA -0.175
[20,] -0.143  0.105    NA -0.231 -0.229 -0.097 -0.037 -0.346    NA  0.053
[21,]     NA     NA    NA     NA     NA     NA     NA     NA    NA     NA
[22,]  1.000  0.361    NA  0.438 -0.001  0.106 -0.403 -0.347    NA  0.003
[23,]  0.361  1.000    NA  0.301 -0.074  0.096 -0.221 -0.220    NA  0.171
[24,]     NA     NA     1     NA     NA     NA     NA     NA    NA     NA
[25,]  0.438  0.301    NA  1.000  0.295 -0.177 -0.055 -0.256    NA -0.078
[26,] -0.001 -0.074    NA  0.295  1.000 -0.359 -0.062  0.168    NA -0.024
[27,]  0.106  0.096    NA -0.177 -0.359  1.000  0.007 -0.042    NA  0.438
[28,] -0.403 -0.221    NA -0.055 -0.062  0.007  1.000  0.156    NA  0.264
[29,] -0.347 -0.220    NA -0.256  0.168 -0.042  0.156  1.000    NA  0.171
[30,]     NA     NA    NA     NA     NA     NA     NA     NA     1     NA
[31,]  0.003  0.171    NA -0.078 -0.024  0.438  0.264  0.171    NA  1.000
[32,] -0.200 -0.010    NA  0.130 -0.394 -0.042 -0.084  0.027    NA -0.343
[33,] -0.016  0.096    NA -0.580 -0.400  0.452 -0.325 -0.227    NA -0.101
[34,] -0.167 -0.470    NA -0.207 -0.155  0.019 -0.011  0.120    NA  0.072
[35,]  0.326 -0.272    NA -0.020  0.120  0.208  0.043 -0.098    NA  0.130
[36,] -0.006  0.164    NA -0.355 -0.604  0.220 -0.010 -0.184    NA  0.107
[37,] -0.147 -0.540    NA -0.047  0.333 -0.452  0.116  0.034    NA -0.187
[38,] -0.111 -0.431    NA  0.199 -0.035 -0.202  0.387 -0.303    NA -0.274
[39,] -0.673 -0.239    NA -0.243  0.054 -0.176  0.249  0.118    NA -0.127
[40,]     NA     NA    NA     NA     NA     NA     NA     NA    NA     NA
[41,] -0.225 -0.260    NA -0.429 -0.401  0.232  0.003 -0.156    NA  0.091
[42,]  0.202 -0.185    NA  0.155  0.470 -0.473 -0.276  0.179    NA -0.475
[43,]  0.150 -0.113    NA  0.299  0.399 -0.140 -0.063  0.055    NA -0.125
[44,]  0.313 -0.043    NA  0.436  0.105 -0.065  0.217  0.092    NA  0.192
[45,]     NA     NA    NA     NA     NA     NA     NA     NA    NA     NA
[46,] -0.273 -0.168    NA  0.112  0.365 -0.413  0.320  0.144    NA -0.123
[47,] -0.146 -0.266    NA -0.179 -0.102 -0.047 -0.057 -0.278    NA -0.031
[48,]  0.477  0.466    NA  0.312 -0.347  0.098 -0.053 -0.189    NA  0.121
[49,]     NA     NA    NA     NA     NA     NA     NA     NA    NA     NA
[50,]  0.057  0.448    NA  0.026  0.010  0.031 -0.352 -0.331    NA -0.015
       [,32]  [,33]  [,34]  [,35]  [,36]  [,37]  [,38]  [,39] [,40]  [,41]
 [1,]  0.007  0.619 -0.110  0.197 -0.083 -0.322 -0.506 -0.408    NA  0.011
 [2,] -0.049  0.474  0.188 -0.401  0.522 -0.333 -0.397  0.274    NA  0.502
 [3,]  0.060  0.632  0.085 -0.280  0.378 -0.416 -0.300  0.194    NA  0.452
 [4,]     NA     NA     NA     NA     NA     NA     NA     NA    NA     NA
 [5,] -0.174 -0.043  0.114 -0.056 -0.214  0.341 -0.302  0.470    NA  0.163
 [6,] -0.351  0.036  0.266  0.347 -0.249  0.033  0.151 -0.414    NA -0.148
 [7,] -0.035  0.402  0.187  0.284 -0.253 -0.325 -0.245 -0.129    NA  0.016
 [8,]  0.303 -0.334 -0.204 -0.241  0.063 -0.002  0.062 -0.104    NA -0.322
 [9,] -0.189  0.077 -0.154  0.190 -0.403 -0.159 -0.317 -0.441    NA -0.503
[10,] -0.370  0.385  0.077 -0.295  0.164 -0.318 -0.431  0.135    NA  0.073
[11,]  0.388  0.339  0.299  0.012  0.003  0.167  0.170  0.453    NA  0.571
[12,]     NA     NA     NA     NA     NA     NA     NA     NA    NA     NA
[13,]     NA     NA     NA     NA     NA     NA     NA     NA    NA     NA
[14,] -0.105  0.090 -0.044  0.220 -0.284  0.289 -0.198  0.011    NA  0.152
[15,] -0.249 -0.238  0.457  0.351 -0.108  0.317  0.169 -0.299    NA -0.135
[16,] -0.226 -0.581  0.039  0.202 -0.303  0.168  0.272 -0.322    NA -0.509
[17,] -0.127 -0.027 -0.545 -0.309  0.238 -0.260  0.028 -0.026    NA -0.402
[18,] -0.258  0.327  0.330  0.081 -0.022  0.246 -0.293  0.317    NA  0.356
[19,]  0.107 -0.074 -0.010  0.068 -0.066  0.154  0.389  0.241    NA -0.058
[20,]  0.060  0.259  0.044 -0.257  0.325 -0.121 -0.187  0.419    NA  0.524
[21,]     NA     NA     NA     NA     NA     NA     NA     NA    NA     NA
[22,] -0.200 -0.016 -0.167  0.326 -0.006 -0.147 -0.111 -0.673    NA -0.225
[23,] -0.010  0.096 -0.470 -0.272  0.164 -0.540 -0.431 -0.239    NA -0.260
[24,]     NA     NA     NA     NA     NA     NA     NA     NA    NA     NA
[25,]  0.130 -0.580 -0.207 -0.020 -0.355 -0.047  0.199 -0.243    NA -0.429
[26,] -0.394 -0.400 -0.155  0.120 -0.604  0.333 -0.035  0.054    NA -0.401
[27,] -0.042  0.452  0.019  0.208  0.220 -0.452 -0.202 -0.176    NA  0.232
[28,] -0.084 -0.325 -0.011  0.043 -0.010  0.116  0.387  0.249    NA  0.003
[29,]  0.027 -0.227  0.120 -0.098 -0.184  0.034 -0.303  0.118    NA -0.156
[30,]     NA     NA     NA     NA     NA     NA     NA     NA    NA     NA
[31,] -0.343 -0.101  0.072  0.130  0.107 -0.187 -0.274 -0.127    NA  0.091
[32,]  1.000  0.042  0.109 -0.123 -0.057 -0.024  0.034  0.254    NA  0.036
[33,]  0.042  1.000  0.113  0.136  0.303 -0.327 -0.336 -0.025    NA  0.474
[34,]  0.109  0.113  1.000  0.106 -0.099  0.187  0.058  0.081    NA  0.258
[35,] -0.123  0.136  0.106  1.000 -0.468  0.321  0.151 -0.372    NA -0.026
[36,] -0.057  0.303 -0.099 -0.468  1.000 -0.455 -0.156  0.089    NA  0.343
[37,] -0.024 -0.327  0.187  0.321 -0.455  1.000  0.483  0.291    NA  0.103
[38,]  0.034 -0.336  0.058  0.151 -0.156  0.483  1.000  0.125    NA -0.028
[39,]  0.254 -0.025  0.081 -0.372  0.089  0.291  0.125  1.000    NA  0.429
[40,]     NA     NA     NA     NA     NA     NA     NA     NA     1     NA
[41,]  0.036  0.474  0.258 -0.026  0.343  0.103 -0.028  0.429    NA  1.000
[42,] -0.058 -0.138 -0.063  0.271 -0.558  0.263 -0.004 -0.193    NA -0.476
[43,] -0.329 -0.172 -0.020  0.392 -0.445  0.095  0.281 -0.323    NA -0.394
[44,] -0.324 -0.482  0.151  0.012 -0.003 -0.102  0.204 -0.396    NA -0.253
[45,]     NA     NA     NA     NA     NA     NA     NA     NA    NA     NA
[46,] -0.251 -0.446 -0.346 -0.231 -0.046  0.267  0.419  0.025    NA -0.425
[47,]  0.281  0.110  0.199 -0.108  0.186  0.430  0.074  0.578    NA  0.595
[48,]  0.338 -0.067  0.033  0.072  0.017 -0.247 -0.155 -0.350    NA -0.066
[49,]     NA     NA     NA     NA     NA     NA     NA     NA    NA     NA
[50,]  0.123  0.217 -0.301 -0.326  0.200 -0.102 -0.412  0.306    NA  0.270
       [,42]  [,43]  [,44] [,45]  [,46]  [,47]  [,48] [,49]  [,50]
 [1,]  0.166  0.063 -0.321    NA -0.339 -0.151  0.061    NA  0.319
 [2,] -0.534 -0.534 -0.259    NA -0.286  0.354  0.098    NA  0.372
 [3,] -0.334 -0.317 -0.360    NA -0.211  0.212 -0.144    NA  0.301
 [4,]     NA     NA     NA    NA     NA     NA     NA    NA     NA
 [5,]  0.231 -0.199 -0.293    NA  0.063  0.154 -0.256    NA  0.049
 [6,]  0.174  0.410  0.393    NA -0.225 -0.330  0.234    NA -0.373
 [7,]  0.071  0.344 -0.031    NA -0.131 -0.435 -0.207    NA -0.313
 [8,]  0.116 -0.121  0.189    NA  0.184 -0.068  0.044    NA  0.080
 [9,]  0.473  0.393  0.000    NA  0.132 -0.609 -0.112    NA -0.210
[10,]  0.108 -0.032 -0.148    NA  0.085 -0.251 -0.433    NA -0.039
[11,] -0.244 -0.171 -0.432    NA -0.300  0.416 -0.093    NA  0.197
[12,]     NA     NA     NA    NA     NA     NA     NA    NA     NA
[13,]     NA     NA     NA    NA     NA     NA     NA    NA     NA
[14,]  0.498  0.169 -0.113    NA  0.039  0.205 -0.347    NA  0.103
[15,] -0.005  0.004  0.307    NA  0.040  0.018  0.069    NA -0.436
[16,]  0.100  0.480  0.724    NA  0.275 -0.258  0.004    NA -0.277
[17,] -0.118  0.032 -0.016    NA  0.493 -0.307 -0.153    NA -0.005
[18,] -0.108 -0.345 -0.436    NA -0.116  0.329 -0.296    NA  0.227
[19,]  0.204  0.028 -0.192    NA  0.153 -0.159 -0.114    NA -0.331
[20,] -0.177 -0.453 -0.458    NA -0.365  0.445  0.008    NA  0.462
[21,]     NA     NA     NA    NA     NA     NA     NA    NA     NA
[22,]  0.202  0.150  0.313    NA -0.273 -0.146  0.477    NA  0.057
[23,] -0.185 -0.113 -0.043    NA -0.168 -0.266  0.466    NA  0.448
[24,]     NA     NA     NA    NA     NA     NA     NA    NA     NA
[25,]  0.155  0.299  0.436    NA  0.112 -0.179  0.312    NA  0.026
[26,]  0.470  0.399  0.105    NA  0.365 -0.102 -0.347    NA  0.010
[27,] -0.473 -0.140 -0.065    NA -0.413 -0.047  0.098    NA  0.031
[28,] -0.276 -0.063  0.217    NA  0.320 -0.057 -0.053    NA -0.352
[29,]  0.179  0.055  0.092    NA  0.144 -0.278 -0.189    NA -0.331
[30,]     NA     NA     NA    NA     NA     NA     NA    NA     NA
[31,] -0.475 -0.125  0.192    NA -0.123 -0.031  0.121    NA -0.015
[32,] -0.058 -0.329 -0.324    NA -0.251  0.281  0.338    NA  0.123
[33,] -0.138 -0.172 -0.482    NA -0.446  0.110 -0.067    NA  0.217
[34,] -0.063 -0.020  0.151    NA -0.346  0.199  0.033    NA -0.301
[35,]  0.271  0.392  0.012    NA -0.231 -0.108  0.072    NA -0.326
[36,] -0.558 -0.445 -0.003    NA -0.046  0.186  0.017    NA  0.200
[37,]  0.263  0.095 -0.102    NA  0.267  0.430 -0.247    NA -0.102
[38,] -0.004  0.281  0.204    NA  0.419  0.074 -0.155    NA -0.412
[39,] -0.193 -0.323 -0.396    NA  0.025  0.578 -0.350    NA  0.306
[40,]     NA     NA     NA    NA     NA     NA     NA    NA     NA
[41,] -0.476 -0.394 -0.253    NA -0.425  0.595 -0.066    NA  0.270
[42,]  1.000  0.484 -0.085    NA  0.174 -0.319 -0.164    NA -0.280
[43,]  0.484  1.000  0.433    NA  0.294 -0.540 -0.257    NA -0.534
[44,] -0.085  0.433  1.000    NA  0.191 -0.337  0.157    NA -0.451
[45,]     NA     NA     NA     1     NA     NA     NA    NA     NA
[46,]  0.174  0.294  0.191    NA  1.000 -0.183 -0.520    NA -0.301
[47,] -0.319 -0.540 -0.337    NA -0.183  1.000 -0.089    NA  0.481
[48,] -0.164 -0.257  0.157    NA -0.520 -0.089  1.000    NA  0.034
[49,]     NA     NA     NA    NA     NA     NA     NA     1     NA
[50,] -0.280 -0.534 -0.451    NA -0.301  0.481  0.034    NA  1.000
[1] "This is the mean correlation matrix of the chosen samples, adjusted for autocorretion"
        V1     V2     V3     V4     V5     V6     V7     V8     V9    V10
V1   1.000  0.085 -0.036  0.016 -0.058 -0.092  0.078 -0.044  0.032  0.018
V2   0.085  1.000 -0.013 -0.061 -0.070  0.018  0.071 -0.053 -0.053  0.064
V3  -0.036 -0.013  1.000  0.040 -0.044  0.059 -0.054 -0.052 -0.007  0.072
V4   0.016 -0.061  0.040  1.000  0.047 -0.057 -0.014 -0.017 -0.006 -0.005
V5  -0.058 -0.070 -0.044  0.047  1.000  0.064 -0.039 -0.046 -0.041 -0.035
V6  -0.092  0.018  0.059 -0.057  0.064  1.000 -0.064 -0.021  0.029 -0.049
V7   0.078  0.071 -0.054 -0.014 -0.039 -0.064  1.000 -0.046  0.018  0.007
V8  -0.044 -0.053 -0.052 -0.017 -0.046 -0.021 -0.046  1.000 -0.025 -0.055
V9   0.032 -0.053 -0.007 -0.006 -0.041  0.029  0.018 -0.025  1.000  0.054
V10  0.018  0.064  0.072 -0.005 -0.035 -0.049  0.007 -0.055  0.054  1.000
V11 -0.007 -0.035 -0.064 -0.001  0.047 -0.053  0.058 -0.033 -0.043 -0.072
V12  0.004 -0.034 -0.080 -0.003 -0.021 -0.085 -0.033 -0.027 -0.039 -0.024
V13  0.006 -0.043  0.079 -0.014 -0.032 -0.052 -0.029  0.039 -0.023  0.004
V14 -0.056 -0.018 -0.075 -0.057 -0.038  0.069 -0.012 -0.023 -0.051 -0.090
V15 -0.083 -0.024 -0.055 -0.035  0.050  0.063 -0.024  0.039 -0.060 -0.052
V16  0.076 -0.032  0.064  0.072 -0.044 -0.074 -0.031 -0.039  0.009  0.064
V17 -0.037 -0.032 -0.019 -0.036 -0.027  0.031 -0.017  0.023 -0.004 -0.032
V18  0.064  0.052 -0.093  0.045 -0.030 -0.070  0.062 -0.037 -0.055 -0.053
V19 -0.046 -0.067 -0.006  0.063  0.030 -0.027 -0.018 -0.011  0.052 -0.013
V20 -0.029  0.034  0.043 -0.005 -0.038  0.007 -0.037 -0.040 -0.011 -0.069
V21  0.059  0.056 -0.040 -0.044 -0.037 -0.032  0.061 -0.013 -0.025  0.077
V22 -0.038 -0.020 -0.036 -0.012 -0.056  0.035 -0.019 -0.011 -0.014 -0.049
V23 -0.013 -0.024 -0.033 -0.002 -0.017  0.048 -0.006 -0.013 -0.042 -0.024
V24  0.043 -0.050 -0.033  0.053 -0.034 -0.052 -0.001  0.042 -0.045 -0.037
V25 -0.073 -0.066 -0.056 -0.042 -0.057 -0.082 -0.027 -0.046 -0.001 -0.057
V26 -0.065 -0.052  0.052 -0.026  0.065  0.074 -0.034 -0.022 -0.027 -0.033
V27  0.059  0.047 -0.003 -0.019  0.035 -0.058 -0.012 -0.072 -0.046  0.054
V28 -0.041 -0.061 -0.012 -0.021  0.043 -0.063 -0.029 -0.036  0.000  0.075
V29 -0.019 -0.031 -0.034  0.001  0.041 -0.052 -0.008  0.012 -0.041  0.049
V30 -0.010 -0.029 -0.021 -0.037 -0.021 -0.059  0.005 -0.012 -0.004 -0.014
V31 -0.012 -0.036 -0.029 -0.017 -0.009 -0.013 -0.025 -0.048  0.044 -0.043
V32 -0.041 -0.012 -0.056 -0.015  0.028 -0.038 -0.025 -0.028 -0.033 -0.055
V33 -0.008 -0.016 -0.006 -0.087 -0.104  0.056  0.005  0.003 -0.040  0.034
V34 -0.003  0.052  0.007 -0.052 -0.033 -0.015 -0.020  0.053 -0.034 -0.043
V35 -0.062 -0.076 -0.046 -0.022  0.006 -0.034 -0.037  0.059 -0.027 -0.039
V36 -0.005  0.056 -0.081 -0.069 -0.096 -0.048  0.066 -0.003 -0.040 -0.049
V37  0.052 -0.052 -0.017 -0.014  0.033 -0.059 -0.014 -0.046 -0.035 -0.019
V38 -0.008  0.043 -0.031 -0.037 -0.072 -0.056 -0.019 -0.007 -0.054 -0.022
V39 -0.045 -0.008  0.023 -0.046 -0.059  0.050 -0.053 -0.022 -0.016  0.055
V40 -0.027 -0.034 -0.032 -0.047 -0.109 -0.059  0.005 -0.030  0.036 -0.031
V41 -0.054 -0.032  0.026 -0.012 -0.032 -0.070 -0.059 -0.054 -0.066 -0.027
V42 -0.046 -0.085 -0.039  0.073  0.078  0.062 -0.076  0.032  0.065 -0.058
V43 -0.033 -0.059  0.043 -0.020 -0.064  0.050 -0.023 -0.025  0.028 -0.028
V44 -0.054 -0.065  0.069 -0.020  0.053 -0.039 -0.041 -0.017 -0.040  0.069
V45 -0.013 -0.087 -0.009 -0.019 -0.021 -0.047 -0.030  0.060  0.030 -0.022
V46 -0.019 -0.030 -0.045  0.004 -0.082 -0.024 -0.020  0.051  0.034 -0.042
V47 -0.033  0.033 -0.025 -0.029 -0.045 -0.075 -0.053 -0.026 -0.036 -0.013
V48 -0.061  0.035 -0.078 -0.013  0.043  0.068 -0.041  0.030  0.000 -0.122
V49 -0.006 -0.040  0.046 -0.008 -0.040 -0.030 -0.032  0.019 -0.046 -0.025
V50 -0.004  0.018 -0.023 -0.037  0.053 -0.027 -0.030 -0.029 -0.049 -0.042
       V11    V12    V13    V14    V15    V16    V17    V18    V19    V20
V1  -0.007  0.004  0.006 -0.056 -0.083  0.076 -0.037  0.064 -0.046 -0.029
V2  -0.035 -0.034 -0.043 -0.018 -0.024 -0.032 -0.032  0.052 -0.067  0.034
V3  -0.064 -0.080  0.079 -0.075 -0.055  0.064 -0.019 -0.093 -0.006  0.043
V4  -0.001 -0.003 -0.014 -0.057 -0.035  0.072 -0.036  0.045  0.063 -0.005
V5   0.047 -0.021 -0.032 -0.038  0.050 -0.044 -0.027 -0.030  0.030 -0.038
V6  -0.053 -0.085 -0.052  0.069  0.063 -0.074  0.031 -0.070 -0.027  0.007
V7   0.058 -0.033 -0.029 -0.012 -0.024 -0.031 -0.017  0.062 -0.018 -0.037
V8  -0.033 -0.027  0.039 -0.023  0.039 -0.039  0.023 -0.037 -0.011 -0.040
V9  -0.043 -0.039 -0.023 -0.051 -0.060  0.009 -0.004 -0.055  0.052 -0.011
V10 -0.072 -0.024  0.004 -0.090 -0.052  0.064 -0.032 -0.053 -0.013 -0.069
V11  1.000 -0.005 -0.040 -0.023 -0.033 -0.022 -0.036  0.053 -0.072 -0.036
V12 -0.005  1.000 -0.049 -0.083 -0.034  0.061 -0.038  0.046 -0.021 -0.018
V13 -0.040 -0.049  1.000 -0.050 -0.012  0.050  0.037 -0.055  0.037 -0.018
V14 -0.023 -0.083 -0.050  1.000  0.098 -0.097  0.071  0.039 -0.077  0.075
V15 -0.033 -0.034 -0.012  0.098  1.000 -0.087  0.004 -0.025  0.009 -0.034
V16 -0.022  0.061  0.050 -0.097 -0.087  1.000 -0.038 -0.046 -0.046 -0.030
V17 -0.036 -0.038  0.037  0.071  0.004 -0.038  1.000 -0.026 -0.049  0.084
V18  0.053  0.046 -0.055  0.039 -0.025 -0.046 -0.026  1.000 -0.048 -0.041
V19 -0.072 -0.021  0.037 -0.077  0.009 -0.046 -0.049 -0.048  1.000 -0.051
V20 -0.036 -0.018 -0.018  0.075 -0.034 -0.030  0.084 -0.041 -0.051  1.000
V21 -0.048 -0.043 -0.001 -0.024 -0.044 -0.021  0.009 -0.023 -0.020 -0.067
V22 -0.025  0.043 -0.024 -0.011 -0.025 -0.009 -0.027  0.027 -0.030 -0.047
V23 -0.038 -0.017 -0.048 -0.031 -0.039 -0.041 -0.030 -0.027 -0.054 -0.047
V24  0.056 -0.019 -0.010 -0.073 -0.029  0.010 -0.030 -0.030 -0.042 -0.025
V25 -0.011 -0.003 -0.058 -0.065 -0.059 -0.045 -0.024 -0.054  0.043 -0.006
V26 -0.057 -0.068  0.057  0.043  0.066 -0.049 -0.030 -0.046 -0.019  0.004
V27 -0.031  0.073 -0.007 -0.067 -0.064 -0.057  0.037 -0.042 -0.059 -0.013
V28  0.044  0.061 -0.004 -0.082 -0.040  0.098 -0.029 -0.076  0.035 -0.094
V29  0.025 -0.038  0.000 -0.072 -0.034  0.003 -0.051 -0.035  0.056 -0.077
V30 -0.048 -0.021 -0.006 -0.034 -0.011 -0.036 -0.015  0.052 -0.043 -0.026
V31 -0.055  0.004 -0.029 -0.028 -0.032 -0.016 -0.024 -0.028 -0.017  0.053
V32 -0.060 -0.016 -0.036 -0.031  0.075 -0.059 -0.041  0.065 -0.008 -0.065
V33  0.032 -0.090 -0.009  0.086  0.066 -0.054 -0.037 -0.031  0.027 -0.044
V34  0.023 -0.024 -0.026 -0.051 -0.016 -0.051 -0.010  0.048 -0.013  0.009
V35 -0.028  0.032 -0.007 -0.055  0.077 -0.065 -0.033 -0.022  0.064 -0.056
V36  0.038 -0.061 -0.055  0.067  0.063 -0.039 -0.044 -0.002 -0.032 -0.047
V37  0.004 -0.001  0.010  0.039  0.046  0.042 -0.011 -0.001 -0.047 -0.049
V38 -0.008 -0.055 -0.007  0.008 -0.027 -0.042 -0.005 -0.013  0.004 -0.042
V39 -0.013 -0.016 -0.046 -0.023 -0.034 -0.017 -0.012 -0.039 -0.003  0.056
V40 -0.043 -0.065  0.007  0.057 -0.026 -0.038  0.071 -0.021  0.001  0.058
V41  0.043  0.041 -0.026  0.038 -0.064 -0.038  0.013 -0.060 -0.044  0.064
V42  0.067  0.054 -0.043 -0.094 -0.071  0.062 -0.049 -0.056 -0.049  0.038
V43 -0.012 -0.025 -0.038 -0.045 -0.040 -0.021 -0.032 -0.064  0.008 -0.002
V44 -0.043  0.046  0.018 -0.078 -0.045 -0.012 -0.054 -0.058 -0.005 -0.036
V45 -0.038 -0.025 -0.034  0.023 -0.064  0.064 -0.040 -0.077 -0.022 -0.027
V46 -0.046 -0.017 -0.056 -0.014 -0.036 -0.043 -0.035  0.067  0.008 -0.026
V47 -0.066 -0.024  0.009 -0.036 -0.017 -0.021  0.048 -0.013 -0.055 -0.036
V48  0.003 -0.060 -0.046  0.027 -0.035 -0.079 -0.047  0.011 -0.028 -0.019
V49 -0.026 -0.006 -0.034 -0.003 -0.026  0.006 -0.034 -0.022 -0.001 -0.053
V50 -0.001  0.027 -0.007 -0.014 -0.002 -0.016 -0.024 -0.010 -0.008 -0.007
       V21    V22    V23    V24    V25    V26    V27    V28    V29    V30
V1   0.059 -0.038 -0.013  0.043 -0.073 -0.065  0.059 -0.041 -0.019 -0.010
V2   0.056 -0.020 -0.024 -0.050 -0.066 -0.052  0.047 -0.061 -0.031 -0.029
V3  -0.040 -0.036 -0.033 -0.033 -0.056  0.052 -0.003 -0.012 -0.034 -0.021
V4  -0.044 -0.012 -0.002  0.053 -0.042 -0.026 -0.019 -0.021  0.001 -0.037
V5  -0.037 -0.056 -0.017 -0.034 -0.057  0.065  0.035  0.043  0.041 -0.021
V6  -0.032  0.035  0.048 -0.052 -0.082  0.074 -0.058 -0.063 -0.052 -0.059
V7   0.061 -0.019 -0.006 -0.001 -0.027 -0.034 -0.012 -0.029 -0.008  0.005
V8  -0.013 -0.011 -0.013  0.042 -0.046 -0.022 -0.072 -0.036  0.012 -0.012
V9  -0.025 -0.014 -0.042 -0.045 -0.001 -0.027 -0.046  0.000 -0.041 -0.004
V10  0.077 -0.049 -0.024 -0.037 -0.057 -0.033  0.054  0.075  0.049 -0.014
V11 -0.048 -0.025 -0.038  0.056 -0.011 -0.057 -0.031  0.044  0.025 -0.048
V12 -0.043  0.043 -0.017 -0.019 -0.003 -0.068  0.073  0.061 -0.038 -0.021
V13 -0.001 -0.024 -0.048 -0.010 -0.058  0.057 -0.007 -0.004  0.000 -0.006
V14 -0.024 -0.011 -0.031 -0.073 -0.065  0.043 -0.067 -0.082 -0.072 -0.034
V15 -0.044 -0.025 -0.039 -0.029 -0.059  0.066 -0.064 -0.040 -0.034 -0.011
V16 -0.021 -0.009 -0.041  0.010 -0.045 -0.049 -0.057  0.098  0.003 -0.036
V17  0.009 -0.027 -0.030 -0.030 -0.024 -0.030  0.037 -0.029 -0.051 -0.015
V18 -0.023  0.027 -0.027 -0.030 -0.054 -0.046 -0.042 -0.076 -0.035  0.052
V19 -0.020 -0.030 -0.054 -0.042  0.043 -0.019 -0.059  0.035  0.056 -0.043
V20 -0.067 -0.047 -0.047 -0.025 -0.006  0.004 -0.013 -0.094 -0.077 -0.026
V21  1.000  0.039 -0.047 -0.068 -0.044 -0.065 -0.016  0.036 -0.027 -0.002
V22  0.039  1.000  0.003 -0.047 -0.055 -0.035 -0.012 -0.006 -0.017 -0.016
V23 -0.047  0.003  1.000  0.037 -0.035 -0.049  0.053 -0.038  0.039 -0.023
V24 -0.068 -0.047  0.037  1.000  0.061 -0.036 -0.030 -0.032 -0.013 -0.005
V25 -0.044 -0.055 -0.035  0.061  1.000 -0.047 -0.017  0.046 -0.033 -0.025
V26 -0.065 -0.035 -0.049 -0.036 -0.047  1.000 -0.014 -0.047 -0.069 -0.065
V27 -0.016 -0.012  0.053 -0.030 -0.017 -0.014  1.000 -0.040 -0.023  0.005
V28  0.036 -0.006 -0.038 -0.032  0.046 -0.047 -0.040  1.000  0.002 -0.039
V29 -0.027 -0.017  0.039 -0.013 -0.033 -0.069 -0.023  0.002  1.000 -0.008
V30 -0.002 -0.016 -0.023 -0.005 -0.025 -0.065  0.005 -0.039 -0.008  1.000
V31 -0.015 -0.016  0.001 -0.049  0.052 -0.058  0.041 -0.041 -0.018 -0.031
V32 -0.025 -0.019  0.070 -0.016  0.002 -0.026  0.052 -0.053 -0.006  0.062
V33  0.003 -0.018 -0.022 -0.068 -0.094 -0.044 -0.057 -0.080 -0.064 -0.039
V34 -0.048 -0.002 -0.023 -0.036  0.052  0.059 -0.030 -0.055 -0.033 -0.037
V35 -0.051 -0.025 -0.029 -0.047  0.040  0.069 -0.036 -0.024  0.064 -0.012
V36 -0.024  0.033 -0.013 -0.033  0.022  0.013 -0.043 -0.048 -0.034 -0.021
V37 -0.019  0.031 -0.050  0.001 -0.037 -0.018 -0.070  0.060 -0.035 -0.007
V38  0.043 -0.012  0.002  0.022 -0.025 -0.024 -0.028 -0.017  0.040  0.007
V39  0.037  0.010 -0.031 -0.031 -0.024 -0.026 -0.047  0.049 -0.051  0.032
V40  0.073 -0.014 -0.048 -0.011  0.046 -0.015 -0.028 -0.069 -0.042 -0.010
V41  0.046  0.035 -0.042 -0.027 -0.037 -0.037  0.063 -0.013 -0.049 -0.007
V42 -0.121 -0.059 -0.045  0.081  0.055  0.055  0.035 -0.020 -0.014 -0.074
V43 -0.037 -0.002  0.060 -0.026 -0.006 -0.024 -0.039 -0.042 -0.009 -0.049
V44 -0.029 -0.036 -0.053 -0.033  0.046  0.044 -0.035  0.078 -0.032  0.032
V45 -0.030 -0.026 -0.019 -0.006 -0.033 -0.057 -0.072  0.055  0.047  0.040
V46 -0.043  0.018  0.065  0.006  0.038 -0.061 -0.049 -0.059 -0.017  0.057
V47  0.002 -0.024 -0.022 -0.018  0.049 -0.007 -0.003 -0.041 -0.028 -0.010
V48 -0.077 -0.010  0.059  0.070  0.050 -0.042 -0.043 -0.080 -0.030 -0.007
V49 -0.008 -0.021  0.001 -0.022 -0.019 -0.060 -0.007 -0.015 -0.017 -0.018
V50 -0.022 -0.005 -0.027 -0.023 -0.013  0.001  0.013 -0.037  0.049 -0.038
       V31    V32    V33    V34    V35    V36    V37    V38    V39    V40
V1  -0.012 -0.041 -0.008 -0.003 -0.062 -0.005  0.052 -0.008 -0.045 -0.027
V2  -0.036 -0.012 -0.016  0.052 -0.076  0.056 -0.052  0.043 -0.008 -0.034
V3  -0.029 -0.056 -0.006  0.007 -0.046 -0.081 -0.017 -0.031  0.023 -0.032
V4  -0.017 -0.015 -0.087 -0.052 -0.022 -0.069 -0.014 -0.037 -0.046 -0.047
V5  -0.009  0.028 -0.104 -0.033  0.006 -0.096  0.033 -0.072 -0.059 -0.109
V6  -0.013 -0.038  0.056 -0.015 -0.034 -0.048 -0.059 -0.056  0.050 -0.059
V7  -0.025 -0.025  0.005 -0.020 -0.037  0.066 -0.014 -0.019 -0.053  0.005
V8  -0.048 -0.028  0.003  0.053  0.059 -0.003 -0.046 -0.007 -0.022 -0.030
V9   0.044 -0.033 -0.040 -0.034 -0.027 -0.040 -0.035 -0.054 -0.016  0.036
V10 -0.043 -0.055  0.034 -0.043 -0.039 -0.049 -0.019 -0.022  0.055 -0.031
V11 -0.055 -0.060  0.032  0.023 -0.028  0.038  0.004 -0.008 -0.013 -0.043
V12  0.004 -0.016 -0.090 -0.024  0.032 -0.061 -0.001 -0.055 -0.016 -0.065
V13 -0.029 -0.036 -0.009 -0.026 -0.007 -0.055  0.010 -0.007 -0.046  0.007
V14 -0.028 -0.031  0.086 -0.051 -0.055  0.067  0.039  0.008 -0.023  0.057
V15 -0.032  0.075  0.066 -0.016  0.077  0.063  0.046 -0.027 -0.034 -0.026
V16 -0.016 -0.059 -0.054 -0.051 -0.065 -0.039  0.042 -0.042 -0.017 -0.038
V17 -0.024 -0.041 -0.037 -0.010 -0.033 -0.044 -0.011 -0.005 -0.012  0.071
V18 -0.028  0.065 -0.031  0.048 -0.022 -0.002 -0.001 -0.013 -0.039 -0.021
V19 -0.017 -0.008  0.027 -0.013  0.064 -0.032 -0.047  0.004 -0.003  0.001
V20  0.053 -0.065 -0.044  0.009 -0.056 -0.047 -0.049 -0.042  0.056  0.058
V21 -0.015 -0.025  0.003 -0.048 -0.051 -0.024 -0.019  0.043  0.037  0.073
V22 -0.016 -0.019 -0.018 -0.002 -0.025  0.033  0.031 -0.012  0.010 -0.014
V23  0.001  0.070 -0.022 -0.023 -0.029 -0.013 -0.050  0.002 -0.031 -0.048
V24 -0.049 -0.016 -0.068 -0.036 -0.047 -0.033  0.001  0.022 -0.031 -0.011
V25  0.052  0.002 -0.094  0.052  0.040  0.022 -0.037 -0.025 -0.024  0.046
V26 -0.058 -0.026 -0.044  0.059  0.069  0.013 -0.018 -0.024 -0.026 -0.015
V27  0.041  0.052 -0.057 -0.030 -0.036 -0.043 -0.070 -0.028 -0.047 -0.028
V28 -0.041 -0.053 -0.080 -0.055 -0.024 -0.048  0.060 -0.017  0.049 -0.069
V29 -0.018 -0.006 -0.064 -0.033  0.064 -0.034 -0.035  0.040 -0.051 -0.042
V30 -0.031  0.062 -0.039 -0.037 -0.012 -0.021 -0.007  0.007  0.032 -0.010
V31  1.000 -0.019 -0.022 -0.015 -0.029 -0.036  0.032 -0.039 -0.044 -0.045
V32 -0.019  1.000 -0.055  0.018  0.050  0.050 -0.044 -0.051 -0.046 -0.067
V33 -0.022 -0.055  1.000 -0.026 -0.042  0.077  0.043  0.038  0.070  0.053
V34 -0.015  0.018 -0.026  1.000  0.072 -0.039 -0.031 -0.007 -0.015 -0.027
V35 -0.029  0.050 -0.042  0.072  1.000 -0.056 -0.038 -0.029 -0.072 -0.020
V36 -0.036  0.050  0.077 -0.039 -0.056  1.000 -0.015 -0.007 -0.023  0.004
V37  0.032 -0.044  0.043 -0.031 -0.038 -0.015  1.000 -0.026  0.007 -0.026
V38 -0.039 -0.051  0.038 -0.007 -0.029 -0.007 -0.026  1.000 -0.026 -0.001
V39 -0.044 -0.046  0.070 -0.015 -0.072 -0.023  0.007 -0.026  1.000 -0.014
V40 -0.045 -0.067  0.053 -0.027 -0.020  0.004 -0.026 -0.001 -0.014  1.000
V41 -0.009 -0.086 -0.040 -0.060 -0.060 -0.065 -0.010 -0.012  0.038  0.066
V42  0.000 -0.079 -0.094 -0.068 -0.018 -0.064 -0.065 -0.052 -0.050 -0.097
V43  0.043  0.026  0.000 -0.054 -0.024 -0.011 -0.059 -0.037 -0.032 -0.008
V44  0.049 -0.052  0.026 -0.054 -0.035 -0.079 -0.008  0.000 -0.011 -0.021
V45 -0.024 -0.054 -0.041 -0.036 -0.030  0.028 -0.050 -0.027 -0.011 -0.052
V46 -0.043  0.065 -0.030 -0.001 -0.025  0.022 -0.019  0.039 -0.023  0.012
V47 -0.014  0.047 -0.076 -0.023  0.042 -0.047 -0.043  0.051 -0.058  0.048
V48 -0.033  0.074 -0.048  0.060 -0.024  0.018 -0.048 -0.007 -0.045 -0.070
V49 -0.004 -0.049  0.039 -0.031 -0.026 -0.003 -0.034  0.001 -0.019 -0.002
V50  0.011 -0.041 -0.023 -0.004  0.053 -0.023 -0.028  0.005 -0.021 -0.044
       V41    V42    V43    V44    V45    V46    V47    V48    V49    V50
V1  -0.054 -0.046 -0.033 -0.054 -0.013 -0.019 -0.033 -0.061 -0.006 -0.004
V2  -0.032 -0.085 -0.059 -0.065 -0.087 -0.030  0.033  0.035 -0.040  0.018
V3   0.026 -0.039  0.043  0.069 -0.009 -0.045 -0.025 -0.078  0.046 -0.023
V4  -0.012  0.073 -0.020 -0.020 -0.019  0.004 -0.029 -0.013 -0.008 -0.037
V5  -0.032  0.078 -0.064  0.053 -0.021 -0.082 -0.045  0.043 -0.040  0.053
V6  -0.070  0.062  0.050 -0.039 -0.047 -0.024 -0.075  0.068 -0.030 -0.027
V7  -0.059 -0.076 -0.023 -0.041 -0.030 -0.020 -0.053 -0.041 -0.032 -0.030
V8  -0.054  0.032 -0.025 -0.017  0.060  0.051 -0.026  0.030  0.019 -0.029
V9  -0.066  0.065  0.028 -0.040  0.030  0.034 -0.036  0.000 -0.046 -0.049
V10 -0.027 -0.058 -0.028  0.069 -0.022 -0.042 -0.013 -0.122 -0.025 -0.042
V11  0.043  0.067 -0.012 -0.043 -0.038 -0.046 -0.066  0.003 -0.026 -0.001
V12  0.041  0.054 -0.025  0.046 -0.025 -0.017 -0.024 -0.060 -0.006  0.027
V13 -0.026 -0.043 -0.038  0.018 -0.034 -0.056  0.009 -0.046 -0.034 -0.007
V14  0.038 -0.094 -0.045 -0.078  0.023 -0.014 -0.036  0.027 -0.003 -0.014
V15 -0.064 -0.071 -0.040 -0.045 -0.064 -0.036 -0.017 -0.035 -0.026 -0.002
V16 -0.038  0.062 -0.021 -0.012  0.064 -0.043 -0.021 -0.079  0.006 -0.016
V17  0.013 -0.049 -0.032 -0.054 -0.040 -0.035  0.048 -0.047 -0.034 -0.024
V18 -0.060 -0.056 -0.064 -0.058 -0.077  0.067 -0.013  0.011 -0.022 -0.010
V19 -0.044 -0.049  0.008 -0.005 -0.022  0.008 -0.055 -0.028 -0.001 -0.008
V20  0.064  0.038 -0.002 -0.036 -0.027 -0.026 -0.036 -0.019 -0.053 -0.007
V21  0.046 -0.121 -0.037 -0.029 -0.030 -0.043  0.002 -0.077 -0.008 -0.022
V22  0.035 -0.059 -0.002 -0.036 -0.026  0.018 -0.024 -0.010 -0.021 -0.005
V23 -0.042 -0.045  0.060 -0.053 -0.019  0.065 -0.022  0.059  0.001 -0.027
V24 -0.027  0.081 -0.026 -0.033 -0.006  0.006 -0.018  0.070 -0.022 -0.023
V25 -0.037  0.055 -0.006  0.046 -0.033  0.038  0.049  0.050 -0.019 -0.013
V26 -0.037  0.055 -0.024  0.044 -0.057 -0.061 -0.007 -0.042 -0.060  0.001
V27  0.063  0.035 -0.039 -0.035 -0.072 -0.049 -0.003 -0.043 -0.007  0.013
V28 -0.013 -0.020 -0.042  0.078  0.055 -0.059 -0.041 -0.080 -0.015 -0.037
V29 -0.049 -0.014 -0.009 -0.032  0.047 -0.017 -0.028 -0.030 -0.017  0.049
V30 -0.007 -0.074 -0.049  0.032  0.040  0.057 -0.010 -0.007 -0.018 -0.038
V31 -0.009  0.000  0.043  0.049 -0.024 -0.043 -0.014 -0.033 -0.004  0.011
V32 -0.086 -0.079  0.026 -0.052 -0.054  0.065  0.047  0.074 -0.049 -0.041
V33 -0.040 -0.094  0.000  0.026 -0.041 -0.030 -0.076 -0.048  0.039 -0.023
V34 -0.060 -0.068 -0.054 -0.054 -0.036 -0.001 -0.023  0.060 -0.031 -0.004
V35 -0.060 -0.018 -0.024 -0.035 -0.030 -0.025  0.042 -0.024 -0.026  0.053
V36 -0.065 -0.064 -0.011 -0.079  0.028  0.022 -0.047  0.018 -0.003 -0.023
V37 -0.010 -0.065 -0.059 -0.008 -0.050 -0.019 -0.043 -0.048 -0.034 -0.028
V38 -0.012 -0.052 -0.037  0.000 -0.027  0.039  0.051 -0.007  0.001  0.005
V39  0.038 -0.050 -0.032 -0.011 -0.011 -0.023 -0.058 -0.045 -0.019 -0.021
V40  0.066 -0.097 -0.008 -0.021 -0.052  0.012  0.048 -0.070 -0.002 -0.044
V41  1.000 -0.035 -0.037 -0.012  0.026 -0.069  0.035 -0.084 -0.005  0.045
V42 -0.035  1.000  0.059 -0.035  0.059 -0.055 -0.028  0.057 -0.035 -0.041
V43 -0.037  0.059  1.000 -0.013  0.053 -0.003 -0.052 -0.012 -0.001 -0.041
V44 -0.012 -0.035 -0.013  1.000  0.006 -0.042  0.032 -0.064 -0.025 -0.033
V45  0.026  0.059  0.053  0.006  1.000 -0.037 -0.030 -0.062  0.053 -0.054
V46 -0.069 -0.055 -0.003 -0.042 -0.037  1.000 -0.034  0.014  0.032 -0.032
V47  0.035 -0.028 -0.052  0.032 -0.030 -0.034  1.000 -0.009 -0.002  0.010
V48 -0.084  0.057 -0.012 -0.064 -0.062  0.014 -0.009  1.000 -0.052 -0.010
V49 -0.005 -0.035 -0.001 -0.025  0.053  0.032 -0.002 -0.052  1.000  0.035
V50  0.045 -0.041 -0.041 -0.033 -0.054 -0.032  0.010 -0.010  0.035  1.000
[1] "The counts generated in the last step look as follows:"
      [,1] [,2] [,3] [,4] [,5] [,6]
 [1,]    9    7    7   10    9    9
 [2,]    7    7    7   13   16   17
 [3,]    9    8    8   13   15   13
 [4,]    4   10   11    6    9    5
 [5,]    7   14   13   17   15    7
 [6,]   21   17   23   21   13   20
 [7,]    4    7    7   11    6    7
 [8,]   10   14    8    5    9    8
 [9,]   11   13    7   18    5    8
[10,]   12   17   11   22   16   14
[11,]    8    7   13    9   16    9
[12,]    9    7   13    7    9   15
[13,]    4   11    3    7    9    9
[14,]   16   12   13   19   18    7
[15,]    7    7   12    9    5   10
[16,]   13   13   12   11    7   12
[17,]   11   16    5   10    7    9
[18,]    9   10   13   16   14   11
[19,]    6    8    9    6    7    5
[20,]   11    7   11   10   18   11
[21,]    8    4    9    5    8    8
[22,]   13    4    7    6    4   11
[23,]    9    8    7    8    8    9
[24,]    9   11    9   11    9   10
[25,]   20   12   13    9    9   13
[26,]   12   11   10   13    9    8
[27,]    4   11   11   15   10   24
[28,]    9   15   15   11   10   11
[29,]    3   11    7    9    7    6
[30,]    7   10    5    6    9    6
[31,]    6    8    9   10    7   12
[32,]   13   14   15    9   19   14
[33,]   10    9   10   14   14   13
[34,]    5    5   11    8    8    9
[35,]    6    5    9    8    5    6
[36,]    8   10    6    7   11   13
[37,]    9    8   13    8    9    3
[38,]    7    6    9    2    3    3
[39,]    3    6    5    4    9    3
[40,]    8    6   12    5   10   10
[41,]    9   10   15   14   22   16
[42,]   21   15   18   20   15    8
[43,]   13   10   11   14    5    8
[44,]   13   14   13   11    6   15
[45,]   14   19    8   13   10    6
[46,]    8   10    5    7    4    3
[47,]    9    8   11    8   16   10
[48,]   13    9   14    5   10   18
[49,]    2    3    1    2    5    6
[50,]    6    4    2    4    8    5
