[1] "Convergence check with the Rubin-Gelman diagnostic"
[1] "All chains converged."
[1] "Convergence check with the acf diagnostic"
[1] "All chains converged."
[1] "This is the mean covariance matrix of the last 1000 iterations"
        [,1]   [,2]   [,3]   [,4]   [,5]   [,6]   [,7]   [,8]   [,9]  [,10]
 [1,]  0.189 -0.096 -0.038  0.001 -0.020 -0.002 -0.024  0.081 -0.033 -0.002
 [2,] -0.096  1.076  0.272 -0.418  0.007 -0.060  0.033 -0.166  0.394 -0.029
 [3,] -0.038  0.272  0.208 -0.088 -0.011 -0.082  0.007 -0.045  0.060 -0.008
 [4,]  0.001 -0.418 -0.088  0.501 -0.009  0.001  0.064  0.008 -0.336 -0.004
 [5,] -0.020  0.007 -0.011 -0.009  0.132  0.000  0.006 -0.046 -0.012 -0.016
 [6,] -0.002 -0.060 -0.082  0.001  0.000  0.174 -0.096 -0.011  0.001  0.029
 [7,] -0.024  0.033  0.007  0.064  0.006 -0.096  0.404 -0.068 -0.112 -0.053
 [8,]  0.081 -0.166 -0.045  0.008 -0.046 -0.011 -0.068  0.374 -0.106 -0.080
 [9,] -0.033  0.394  0.060 -0.336 -0.012  0.001 -0.112 -0.106  0.414  0.027
[10,] -0.002 -0.029 -0.008 -0.004 -0.016  0.029 -0.053 -0.080  0.027  0.099
[1] "The data was created with a eta of"
 [1] 1 1 1 1 1 1 1 1 1 1
[1] "The mean effective sample size is"
[1] 5840.1
[1] "The mean effective sample size without burnin is"
[1] 2919.982
