[1] "Convergence check with the Rubin-Gelman diagnostic"
[1] "All chains converged."
[1] "Convergence check with the acf diagnostic"
[1] "Chains that did not converge: X_4 chain 1 did not converge, the last acf value, lag 37 is 0.0528396613912253 and should be smaller than 0.05"
[2] "Chains that did not converge: X_9 chain 6 did not converge, the last acf value, lag 37 is 0.0511817776421357 and should be smaller than 0.05"
[1] "This is the mean covariance matrix of the last 1000 iterations"
               [,1]          [,2]          [,3]          [,4]          [,5]
 [1,]  5.187513e-01 -3.541718e-02 -1.083338e-01 -3.333410e-02 -7.187527e-02
 [2,] -3.541718e-02  2.369045e-01 -2.712154e-02 -4.617857e-03 -1.125851e-02
 [3,] -1.083338e-01 -2.712154e-02  1.439881e+00 -2.002726e-01 -1.135498e-01
 [4,] -3.333410e-02 -4.617857e-03 -2.002726e-01  1.426586e-01  3.145628e-02
 [5,] -7.187527e-02 -1.125851e-02 -1.135498e-01  3.145628e-02  2.057317e-01
 [6,] -5.729192e-02 -5.117849e-02 -1.643356e-01 -3.236160e-02 -7.727331e-02
 [7,] -1.666667e-02 -7.162067e-03 -1.007816e-01  6.523418e-02 -3.346293e-02
 [8,] -7.492016e-25 -1.373446e-19 -4.337479e-20 -3.498285e-24 -9.216859e-20
 [9,] -1.687495e-01 -8.078275e-02 -9.608098e-02 -3.362224e-02 -1.355510e-02
[10,] -1.666666e-02 -1.133338e-02  4.166616e-02 -1.387802e-04 -3.638006e-03
               [,6]          [,7]          [,8]          [,9]         [,10]
 [1,] -5.729192e-02 -1.666667e-02 -7.492016e-25 -1.687495e-01 -1.666666e-02
 [2,] -5.117849e-02 -7.162067e-03 -1.373446e-19 -8.078275e-02 -1.133338e-02
 [3,] -1.643356e-01 -1.007816e-01 -4.337479e-20 -9.608098e-02  4.166616e-02
 [4,] -3.236160e-02  6.523418e-02 -3.498285e-24 -3.362224e-02 -1.387802e-04
 [5,] -7.727331e-02 -3.346293e-02 -9.216859e-20 -1.355510e-02 -3.638006e-03
 [6,]  8.896721e-01 -1.835938e-02  9.032214e-21 -1.924596e-01 -2.109375e-02
 [7,] -1.835938e-02  9.114618e-02 -5.442647e-21 -1.588538e-02 -2.604825e-04
 [8,]  9.032214e-21 -5.442647e-21  2.440193e-19 -2.168582e-20 -2.837029e-19
 [9,] -1.924596e-01 -1.588538e-02 -2.168582e-20  6.107553e-01 -3.125158e-02
[10,] -2.109375e-02 -2.604825e-04 -2.837029e-19 -3.125158e-02  3.190801e-02
[1] "The data was created with a eta of"
 [1] 1 1 1 1 1 1 1 1 1 1
[1] "The mean effective sample size is"
[1] 1838.145
[1] "The mean effective sample size without burnin is"
[1] 914.0053
