[1] "Convergence check with the Rubin-Gelman diagnostic"
[1] "All chains converged."
[1] "Convergence check with the acf diagnostic"
[1] "All chains converged."
[1] "This is the mean correlation matrix of the last 1000 iterations"
        [,1]   [,2]   [,3]   [,4]   [,5]   [,6]   [,7]   [,8]   [,9]  [,10]
 [1,]  1.000  0.164 -0.031  0.465 -0.099  0.048  0.185  0.326 -0.306  0.155
 [2,]  0.164  1.000 -0.247  0.078 -0.413  0.171  0.159 -0.296  0.306  0.282
 [3,] -0.031 -0.247  1.000  0.113  0.160 -0.184 -0.247 -0.187 -0.136  0.088
 [4,]  0.465  0.078  0.113  1.000  0.124 -0.233  0.206 -0.050 -0.182  0.397
 [5,] -0.099 -0.413  0.160  0.124  1.000  0.050 -0.478  0.010 -0.652 -0.276
 [6,]  0.048  0.171 -0.184 -0.233  0.050  1.000  0.054 -0.084 -0.125  0.116
 [7,]  0.185  0.159 -0.247  0.206 -0.478  0.054  1.000  0.104  0.181  0.400
 [8,]  0.326 -0.296 -0.187 -0.050  0.010 -0.084  0.104  1.000 -0.190 -0.332
 [9,] -0.306  0.306 -0.136 -0.182 -0.652 -0.125  0.181 -0.190  1.000  0.047
[10,]  0.155  0.282  0.088  0.397 -0.276  0.116  0.400 -0.332  0.047  1.000
[1] "The counts generated in the last step look as follows:"
      [,1] [,2] [,3] [,4] [,5] [,6]
 [1,]   16   14   21   20   11   25
 [2,]   17   15   26   17   17   16
 [3,]   24   28   15   12   23   20
 [4,]   22   18   21   19   20   22
 [5,]   19   20   14   16   17   22
 [6,]   18   25   27   20   15   20
 [7,]   17   16   21   21   20   17
 [8,]   18   19   15   25   12   20
 [9,]   20   16   23   19   22    8
[10,]   14   11   18    9   14   12
[1] "The data was created with a eta of"
 [1] 3 3 3 3 3 3 3 3 3 3
[1] "The data was created with the following theta matrix:"
        [,1]   [,2]   [,3]   [,4]   [,5]   [,6]   [,7]   [,8]   [,9]  [,10]
 [1,]  0.000  0.000  0.000  0.000 -0.001  0.000 -0.001 -0.001 -0.001  0.000
 [2,]  0.000  0.000 -0.001 -0.001 -0.001  0.000  0.000  0.000  0.000 -0.001
 [3,]  0.000 -0.001  0.000 -0.001 -0.001  0.000 -0.001 -0.001 -0.001  0.000
 [4,]  0.000 -0.001 -0.001  0.000 -0.001  0.000 -0.001  0.000  0.000 -0.001
 [5,] -0.001 -0.001 -0.001 -0.001  0.000 -0.001  0.000  0.000 -0.001 -0.001
 [6,]  0.000  0.000  0.000  0.000 -0.001  0.000 -0.001 -0.001 -0.001 -0.001
 [7,] -0.001  0.000 -0.001 -0.001  0.000 -0.001  0.000 -0.001  0.000  0.000
 [8,] -0.001  0.000 -0.001  0.000  0.000 -0.001 -0.001  0.000  0.000  0.000
 [9,] -0.001  0.000 -0.001  0.000 -0.001 -0.001  0.000  0.000  0.000  0.000
[10,]  0.000 -0.001  0.000 -0.001 -0.001 -0.001  0.000  0.000  0.000  0.000
[1] "The mean effective sample size is"
[1] 49957.14
[1] "The mean effective sample size without burnin is"
[1] 25035.19
