[1] "Convergence check with the Rubin-Gelman diagnostic"
[1] "All chains converged."
[1] "Convergence check with the acf diagnostic"
[1] "All chains converged."
[1] "This is the mean correlation matrix of the last 1000 iterations"
        [,1]   [,2]   [,3]   [,4]   [,5]   [,6]   [,7]   [,8]   [,9]  [,10]
 [1,]  1.000 -0.273  0.211  0.228  0.059  0.106  0.299 -0.574  0.017  0.244
 [2,] -0.273  1.000 -0.029 -0.127 -0.403  0.087 -0.005  0.100  0.036  0.009
 [3,]  0.211 -0.029  1.000 -0.228  0.053  0.345  0.217 -0.439  0.246 -0.395
 [4,]  0.228 -0.127 -0.228  1.000  0.240  0.017 -0.438 -0.176 -0.278  0.157
 [5,]  0.059 -0.403  0.053  0.240  1.000 -0.444 -0.224  0.141  0.187 -0.013
 [6,]  0.106  0.087  0.345  0.017 -0.444  1.000  0.132 -0.482  0.129 -0.204
 [7,]  0.299 -0.005  0.217 -0.438 -0.224  0.132  1.000 -0.261  0.153  0.143
 [8,] -0.574  0.100 -0.439 -0.176  0.141 -0.482 -0.261  1.000 -0.073 -0.033
 [9,]  0.017  0.036  0.246 -0.278  0.187  0.129  0.153 -0.073  1.000  0.102
[10,]  0.244  0.009 -0.395  0.157 -0.013 -0.204  0.143 -0.033  0.102  1.000
[1] "The counts generated in the last step look as follows:"
      [,1] [,2] [,3] [,4] [,5] [,6]
 [1,]    5    5    3    4    5    1
 [2,]    1    3    3    4    1    3
 [3,]    2    5    7    3    4    2
 [4,]    1    0    0    2    1    1
 [5,]    5    2    4    3    7    5
 [6,]    1    5    6    4    1    2
 [7,]    2    3    3    2    3    1
 [8,]    2    1    1    1    1    3
 [9,]    2    6    4    2    4    4
[10,]    5    6    1    5    4    3
[1] "The data was created with a eta of"
 [1] 1.5 1.5 1.5 1.5 1.5 1.5 1.5 1.5 1.5 1.5
[1] "The data was created with the following theta matrix:"
        [,1]   [,2]   [,3]   [,4] [,5] [,6]   [,7]   [,8]   [,9]  [,10]
 [1,]  0.000  0.000  0.000  0.000    0    0  0.000 -0.182  0.000  0.000
 [2,]  0.000  0.000  0.000  0.000    0    0  0.000  0.000 -0.118  0.000
 [3,]  0.000  0.000  0.000  0.000    0    0  0.000 -0.135  0.000  0.000
 [4,]  0.000  0.000  0.000  0.000    0    0 -0.163  0.000  0.000 -0.163
 [5,]  0.000  0.000  0.000  0.000    0    0  0.000  0.000  0.000  0.000
 [6,]  0.000  0.000  0.000  0.000    0    0  0.000  0.000  0.000  0.000
 [7,]  0.000  0.000  0.000 -0.163    0    0  0.000  0.000  0.000  0.000
 [8,] -0.182  0.000 -0.135  0.000    0    0  0.000  0.000  0.000  0.000
 [9,]  0.000 -0.118  0.000  0.000    0    0  0.000  0.000  0.000  0.000
[10,]  0.000  0.000  0.000 -0.163    0    0  0.000  0.000  0.000  0.000
[1] "The mean effective sample size is"
[1] 38378.9
[1] "The mean effective sample size without burnin is"
[1] 19195.38
