[1] "Convergence check with the Rubin-Gelman diagnostic"
[1] "All chains converged."
[1] "Convergence check with the acf diagnostic"
[1] "All chains converged."
[1] "This is the mean correlation matrix of the last 1000 iterations"
        [,1] [,2]   [,3]   [,4]   [,5] [,6]   [,7]   [,8]   [,9]  [,10]
 [1,]  1.000   NA  0.198 -0.636 -0.380   NA -0.054 -0.210  0.591 -0.093
 [2,]     NA    1     NA     NA     NA   NA     NA     NA     NA     NA
 [3,]  0.198   NA  1.000 -0.386 -0.106   NA  0.044 -0.228  0.516 -0.519
 [4,] -0.636   NA -0.386  1.000  0.252   NA  0.049  0.162 -0.419  0.378
 [5,] -0.380   NA -0.106  0.252  1.000   NA -0.524  0.010 -0.268  0.050
 [6,]     NA   NA     NA     NA     NA    1     NA     NA     NA     NA
 [7,] -0.054   NA  0.044  0.049 -0.524   NA  1.000  0.456  0.096 -0.014
 [8,] -0.210   NA -0.228  0.162  0.010   NA  0.456  1.000 -0.109  0.231
 [9,]  0.591   NA  0.516 -0.419 -0.268   NA  0.096 -0.109  1.000 -0.533
[10,] -0.093   NA -0.519  0.378  0.050   NA -0.014  0.231 -0.533  1.000
[1] "The counts generated in the last step look as follows:"
      [,1] [,2] [,3] [,4] [,5] [,6]
 [1,]   13    7    6    3   10    4
 [2,]    0    1    0    0    0    0
 [3,]   25   23   28   21   23   14
 [4,]    2    1    1    9    2    5
 [5,]    0    4    2    2    0    2
 [6,]    0    1    0    0    0    0
 [7,]   12    5   12   12   10   15
 [8,]   17   15   23   19   16   25
 [9,]   14    8   14    8   11    4
[10,]   12   10    6   11   15   18
[1] "The data was created with a eta of"
 [1] 3 3 3 3 3 3 3 3 3 3
[1] "The data was created with the following theta matrix:"
        [,1]   [,2] [,3]   [,4]   [,5]   [,6]   [,7]   [,8]   [,9]  [,10]
 [1,]  0.000  0.000    0 -0.185 -0.105 -0.006 -0.032  0.000  0.000  0.000
 [2,]  0.000  0.000    0  0.000  0.000  0.000 -0.166 -0.106  0.000  0.000
 [3,]  0.000  0.000    0  0.000  0.000  0.000  0.000  0.000  0.000  0.000
 [4,] -0.185  0.000    0  0.000 -0.160  0.000 -0.023  0.000  0.000  0.000
 [5,] -0.105  0.000    0 -0.160  0.000 -0.111 -0.119  0.000  0.000  0.000
 [6,] -0.006  0.000    0  0.000 -0.111  0.000 -0.119 -0.054 -0.144 -0.188
 [7,] -0.032 -0.166    0 -0.023 -0.119 -0.119  0.000  0.000  0.000  0.000
 [8,]  0.000 -0.106    0  0.000  0.000 -0.054  0.000  0.000  0.000  0.000
 [9,]  0.000  0.000    0  0.000  0.000 -0.144  0.000  0.000  0.000 -0.042
[10,]  0.000  0.000    0  0.000  0.000 -0.188  0.000  0.000 -0.042  0.000
[1] "The mean effective sample size is"
[1] 4835.752
[1] "The mean effective sample size without burnin is"
[1] 2440.662
