[1] "Convergence check with the Rubin-Gelman diagnostic"
[1] "All chains converged."
[1] "Convergence check with the acf diagnostic"
[1] "All chains converged."
[1] "This is the mean correlation matrix of the last 10000 iterations"
      [,1] [,2]  [,3] [,4] [,5] [,6] [,7] [,8] [,9] [,10]
 [1,]    1   NA    NA   NA   NA   NA   NA   NA   NA    NA
 [2,]   NA    1    NA   NA   NA   NA   NA   NA   NA    NA
 [3,]   NA   NA 1.000   NA   NA   NA   NA   NA   NA 0.566
 [4,]   NA   NA    NA    1   NA   NA   NA   NA   NA    NA
 [5,]   NA   NA    NA   NA    1   NA   NA   NA   NA    NA
 [6,]   NA   NA    NA   NA   NA    1   NA   NA   NA    NA
 [7,]   NA   NA    NA   NA   NA   NA    1   NA   NA    NA
 [8,]   NA   NA    NA   NA   NA   NA   NA    1   NA    NA
 [9,]   NA   NA    NA   NA   NA   NA   NA   NA    1    NA
[10,]   NA   NA 0.566   NA   NA   NA   NA   NA   NA 1.000
[1] "This is the mean correlation matrix of the chosen samples, adjusted for autocorretion"
        V1     V2     V3     V4     V5     V6     V7     V8     V9    V10
V1   1.000  0.028  0.059 -0.214  0.059 -0.052 -0.028  0.001 -0.223  0.045
V2   0.028  1.000  0.297 -0.057 -0.596 -0.078 -0.305 -0.395 -0.085  0.291
V3   0.059  0.297  1.000 -0.177 -0.163 -0.182 -0.618 -0.553 -0.110  0.543
V4  -0.214 -0.057 -0.177  1.000 -0.145  0.194  0.079 -0.023  0.365 -0.091
V5   0.059 -0.596 -0.163 -0.145  1.000 -0.123  0.229  0.314 -0.131 -0.168
V6  -0.052 -0.078 -0.182  0.194 -0.123  1.000  0.015 -0.016  0.199 -0.168
V7  -0.028 -0.305 -0.618  0.079  0.229  0.015  1.000  0.672  0.100 -0.627
V8   0.001 -0.395 -0.553 -0.023  0.314 -0.016  0.672  1.000 -0.001 -0.559
V9  -0.223 -0.085 -0.110  0.365 -0.131  0.199  0.100 -0.001  1.000 -0.184
V10  0.045  0.291  0.543 -0.091 -0.168 -0.168 -0.627 -0.559 -0.184  1.000
[1] "The counts generated in the last step look as follows:"
      [,1] [,2] [,3] [,4] [,5] [,6]
 [1,]   11    7    3    7    5    5
 [2,]    8    1    0    3    4    4
 [3,]    6    6    0    3   10    5
 [4,]    0    0    0    0    0    0
 [5,]    1    3    9    2    3    4
 [6,]    0    2    0    0    0    0
 [7,]    0    0    4    1    0    0
 [8,]    0    0    6    1    0    0
 [9,]    0    0    0    0    0    0
[10,]    4    3    0    3   11   15
[1] "The data was created with a eta of"
 [1] 2 2 2 2 2 2 2 2 2 2
[1] "The data was created with the following theta matrix:"
        [,1]   [,2]   [,3]   [,4]   [,5]   [,6]   [,7]   [,8]   [,9]  [,10]
 [1,]  0.000  0.000  0.000 -0.213  0.000  0.000  0.000  0.000 -0.211  0.000
 [2,]  0.000  0.000  0.000 -0.206 -0.224 -0.205  0.000 -0.235 -0.236  0.000
 [3,]  0.000  0.000  0.000 -0.292  0.000 -0.226 -0.266 -0.238  0.000  0.000
 [4,] -0.213 -0.206 -0.292  0.000 -0.270  0.000  0.000 -0.261  0.000  0.000
 [5,]  0.000 -0.224  0.000 -0.270  0.000 -0.216  0.000  0.000 -0.247  0.000
 [6,]  0.000 -0.205 -0.226  0.000 -0.216  0.000 -0.254 -0.268  0.000 -0.209
 [7,]  0.000  0.000 -0.266  0.000  0.000 -0.254  0.000  0.000  0.000 -0.251
 [8,]  0.000 -0.235 -0.238 -0.261  0.000 -0.268  0.000  0.000 -0.207 -0.211
 [9,] -0.211 -0.236  0.000  0.000 -0.247  0.000  0.000 -0.207  0.000 -0.264
[10,]  0.000  0.000  0.000  0.000  0.000 -0.209 -0.251 -0.211 -0.264  0.000
[1] "The mean effective sample size is"
[1] 27374.46
[1] "The mean effective sample size without burnin is"
[1] 13495.34
