[1] "Convergence check with the Rubin-Gelman diagnostic"
[1] "All chains converged."
[1] "Convergence check with the acf diagnostic"
[1] "All chains converged."
[1] "This is the mean correlation matrix of the last 10000 iterations"
        [,1]   [,2] [,3]   [,4]   [,5]   [,6]   [,7]   [,8]   [,9]  [,10]
 [1,]  1.000  0.272   NA -0.086 -0.410  0.461 -0.132  0.016  0.053  0.377
 [2,]  0.272  1.000   NA  0.073  0.142  0.292  0.321  0.349  0.047 -0.074
 [3,]     NA     NA    1     NA     NA     NA     NA     NA     NA     NA
 [4,] -0.086  0.073   NA  1.000  0.386 -0.186  0.269  0.119  0.090 -0.380
 [5,] -0.410  0.142   NA  0.386  1.000 -0.136  0.439  0.112 -0.030 -0.536
 [6,]  0.461  0.292   NA -0.186 -0.136  1.000 -0.117  0.575 -0.038 -0.106
 [7,] -0.132  0.321   NA  0.269  0.439 -0.117  1.000  0.014  0.011 -0.289
 [8,]  0.016  0.349   NA  0.119  0.112  0.575  0.014  1.000  0.086 -0.472
 [9,]  0.053  0.047   NA  0.090 -0.030 -0.038  0.011  0.086  1.000 -0.137
[10,]  0.377 -0.074   NA -0.380 -0.536 -0.106 -0.289 -0.472 -0.137  1.000
[1] "The counts generated in the last step look as follows:"
      [,1] [,2] [,3] [,4] [,5] [,6]
 [1,]    5    7    5    7    9    6
 [2,]    8   10    6    7   11   11
 [3,]    7    6    5    8    6    2
 [4,]    7    7    9    2    7    7
 [5,]    8    4   10    3    8    6
 [6,]    5    7    4    5    9    6
 [7,]    9    2    5    2    9    6
 [8,]    5    6    5    4    6    6
 [9,]    9    9    5    3    4    5
[10,]    6    5    5   11    6    7
[1] "The data was created with a eta of"
 [1] 2 2 2 2 2 2 2 2 2 2
[1] "The data was created with the following theta matrix:"
        [,1]   [,2]   [,3]   [,4]   [,5]   [,6]   [,7]   [,8]   [,9]  [,10]
 [1,]  0.000  0.000  0.000  0.000 -0.005  0.000 -0.010  0.000  0.000  0.000
 [2,]  0.000  0.000 -0.008 -0.005  0.000 -0.006  0.000 -0.004 -0.004  0.000
 [3,]  0.000 -0.008  0.000 -0.010 -0.010 -0.004  0.000 -0.007  0.000 -0.010
 [4,]  0.000 -0.005 -0.010  0.000  0.000  0.000 -0.005 -0.009 -0.009  0.000
 [5,] -0.005  0.000 -0.010  0.000  0.000 -0.002 -0.005  0.000  0.000 -0.008
 [6,]  0.000 -0.006 -0.004  0.000 -0.002  0.000 -0.004 -0.008 -0.008 -0.005
 [7,] -0.010  0.000  0.000 -0.005 -0.005 -0.004  0.000  0.000 -0.010  0.000
 [8,]  0.000 -0.004 -0.007 -0.009  0.000 -0.008  0.000  0.000  0.000 -0.006
 [9,]  0.000 -0.004  0.000 -0.009  0.000 -0.008 -0.010  0.000  0.000 -0.004
[10,]  0.000  0.000 -0.010  0.000 -0.008 -0.005  0.000 -0.006 -0.004  0.000
[1] "The mean effective sample size is"
[1] 98502.99
[1] "The mean effective sample size without burnin is"
[1] 49239.79
