[1] "Convergence check with the Rubin-Gelman diagnostic"
[1] "All chains converged."
[1] "Convergence check with the acf diagnostic"
[1] "All chains converged."
[1] "This is the mean correlation matrix of the last 10000 iterations"
      [,1] [,2] [,3]   [,4]   [,5]   [,6]   [,7] [,8]   [,9] [,10]
 [1,]    1   NA   NA     NA     NA     NA     NA   NA     NA    NA
 [2,]   NA    1   NA     NA     NA     NA     NA   NA     NA    NA
 [3,]   NA   NA    1     NA     NA     NA     NA   NA     NA    NA
 [4,]   NA   NA   NA  1.000 -0.286 -0.560 -0.199   NA -0.356    NA
 [5,]   NA   NA   NA -0.286  1.000 -0.139  0.210   NA  0.179    NA
 [6,]   NA   NA   NA -0.560 -0.139  1.000  0.539   NA  0.422    NA
 [7,]   NA   NA   NA -0.199  0.210  0.539  1.000   NA  0.432    NA
 [8,]   NA   NA   NA     NA     NA     NA     NA    1     NA    NA
 [9,]   NA   NA   NA -0.356  0.179  0.422  0.432   NA  1.000    NA
[10,]   NA   NA   NA     NA     NA     NA     NA   NA     NA     1
[1] "This is the mean correlation matrix of the chosen samples, adjusted for autocorretion"
        V1     V2     V3     V4     V5     V6     V7     V8     V9    V10
V1   1.000  0.027  0.127 -0.219 -0.073 -0.094 -0.238  0.133 -0.280  0.088
V2   0.027  1.000  0.242  0.016 -0.181 -0.440 -0.525  0.316  0.016 -0.061
V3   0.127  0.242  1.000 -0.016 -0.186 -0.507 -0.506  0.292 -0.024 -0.022
V4  -0.219  0.016 -0.016  1.000  0.014  0.007  0.034 -0.029  0.068 -0.036
V5  -0.073 -0.181 -0.186  0.014  1.000  0.137  0.317 -0.599  0.025 -0.010
V6  -0.094 -0.440 -0.507  0.007  0.137  1.000  0.408 -0.226  0.110 -0.231
V7  -0.238 -0.525 -0.506  0.034  0.317  0.408  1.000 -0.521  0.056  0.006
V8   0.133  0.316  0.292 -0.029 -0.599 -0.226 -0.521  1.000 -0.036  0.005
V9  -0.280  0.016 -0.024  0.068  0.025  0.110  0.056 -0.036  1.000 -0.381
V10  0.088 -0.061 -0.022 -0.036 -0.010 -0.231  0.006  0.005 -0.381  1.000
[1] "The counts generated in the last step look as follows:"
      [,1] [,2] [,3] [,4] [,5] [,6]
 [1,]    2    2    1    1    0    0
 [2,]    3    0    1    4    2    3
 [3,]    5    1    1    0    2    2
 [4,]   17   15   14   18   20   21
 [5,]   22   15   23   15   25   13
 [6,]   11   24   15   17   10    9
 [7,]    5   16   15   11   14    8
 [8,]    1    3    2    2    1    4
 [9,]   15   24   24   20   13   10
[10,]    1    1    0    0    3    3
[1] "The data was created with a eta of"
 [1] 3 3 3 3 3 3 3 3 3 3
[1] "The data was created with the following theta matrix:"
        [,1]   [,2]   [,3]   [,4]   [,5]   [,6]   [,7]   [,8]   [,9]  [,10]
 [1,]  0.000 -0.075  0.000 -0.063  0.000  0.000 -0.071  0.000 -0.074  0.000
 [2,] -0.075  0.000 -0.081  0.000  0.000 -0.067 -0.090  0.000  0.000 -0.095
 [3,]  0.000 -0.081  0.000  0.000  0.000 -0.088 -0.082  0.000  0.000 -0.099
 [4,] -0.063  0.000  0.000  0.000  0.000  0.000  0.000  0.000  0.000  0.000
 [5,]  0.000  0.000  0.000  0.000  0.000  0.000  0.000 -0.086  0.000  0.000
 [6,]  0.000 -0.067 -0.088  0.000  0.000  0.000  0.000  0.000  0.000 -0.090
 [7,] -0.071 -0.090 -0.082  0.000  0.000  0.000  0.000 -0.071  0.000  0.000
 [8,]  0.000  0.000  0.000  0.000 -0.086  0.000 -0.071  0.000  0.000  0.000
 [9,] -0.074  0.000  0.000  0.000  0.000  0.000  0.000  0.000  0.000 -0.088
[10,]  0.000 -0.095 -0.099  0.000  0.000 -0.090  0.000  0.000 -0.088  0.000
[1] "The mean effective sample size is"
[1] 42929.61
[1] "The mean effective sample size without burnin is"
[1] 21455.26
