[1] "Convergence check with the Rubin-Gelman diagnostic"
[1] "All chains converged."
[1] "Convergence check with the acf diagnostic"
[1] "All chains converged."
[1] "This is the mean correlation matrix of the chosen samples, adjusted for autocorretion"
        V1     V2     V3     V4     V5     V6     V7     V8     V9    V10
V1   1.000  0.067 -0.003 -0.195  0.028 -0.206  0.013  0.049 -0.332  0.030
V2   0.067  1.000 -0.299 -0.006 -0.234 -0.121 -0.034  0.150 -0.016  0.069
V3  -0.003 -0.299  1.000  0.131  0.154 -0.183 -0.001 -0.270 -0.037 -0.046
V4  -0.195 -0.006  0.131  1.000  0.143 -0.172 -0.016 -0.261  0.019 -0.265
V5   0.028 -0.234  0.154  0.143  1.000 -0.208  0.028 -0.265 -0.051 -0.302
V6  -0.206 -0.121 -0.183 -0.172 -0.208  1.000  0.010  0.119  0.116  0.116
V7   0.013 -0.034 -0.001 -0.016  0.028  0.010  1.000  0.022  0.019  0.000
V8   0.049  0.150 -0.270 -0.261 -0.265  0.119  0.022  1.000  0.012  0.125
V9  -0.332 -0.016 -0.037  0.019 -0.051  0.116  0.019  0.012  1.000  0.018
V10  0.030  0.069 -0.046 -0.265 -0.302  0.116  0.000  0.125  0.018  1.000
[1] "The counts generated in the last step look as follows:"
      [,1] [,2] [,3] [,4] [,5] [,6]
 [1,]    2    6    3    4    5    5
 [2,]    5    8    1    3    4    5
 [3,]    5    2    3    2    7    2
 [4,]    2    0    2    4    1    1
 [5,]    3    1    0    1    2    1
 [6,]    3    3    5    1    3    3
 [7,]   15    3    9    4    7    8
 [8,]    2    4    3    4    5    4
 [9,]    4    5    2   10    2    4
[10,]    2    1    9    3    4   11
[1] "The data was created with a eta of"
 [1] 2 2 2 2 2 2 2 2 2 2
[1] "The data was created with the following theta matrix:"
        [,1]   [,2]   [,3]   [,4]   [,5]   [,6] [,7]   [,8]  [,9]  [,10]
 [1,]  0.000  0.000  0.000 -0.085  0.000 -0.090    0  0.000 -0.08  0.000
 [2,]  0.000  0.000 -0.086  0.000 -0.067 -0.088    0  0.000  0.00  0.000
 [3,]  0.000 -0.086  0.000  0.000  0.000 -0.063    0 -0.051  0.00  0.000
 [4,] -0.085  0.000  0.000  0.000  0.000 -0.061    0 -0.059  0.00 -0.060
 [5,]  0.000 -0.067  0.000  0.000  0.000 -0.098    0 -0.056  0.00 -0.071
 [6,] -0.090 -0.088 -0.063 -0.061 -0.098  0.000    0  0.000  0.00  0.000
 [7,]  0.000  0.000  0.000  0.000  0.000  0.000    0  0.000  0.00  0.000
 [8,]  0.000  0.000 -0.051 -0.059 -0.056  0.000    0  0.000  0.00  0.000
 [9,] -0.080  0.000  0.000  0.000  0.000  0.000    0  0.000  0.00  0.000
[10,]  0.000  0.000  0.000 -0.060 -0.071  0.000    0  0.000  0.00  0.000
[1] "The mean effective sample size is"
[1] 14339.11
[1] "The mean effective sample size without burnin is"
[1] 7206.829
