[1] "Convergence check with the Rubin-Gelman diagnostic"
[1] "All chains converged."
[1] "Convergence check with the acf diagnostic"
[1] "All chains converged."
[1] "This is the mean correlation matrix of the last 1000 iterations"
        [,1]   [,2]   [,3]   [,4]   [,5]   [,6]   [,7]   [,8]   [,9]  [,10]
 [1,]  1.000  0.069 -0.161 -0.534 -0.269 -0.132 -0.004 -0.178 -0.159  0.037
 [2,]  0.069  1.000 -0.331  0.150 -0.370  0.105 -0.080 -0.049  0.256  0.034
 [3,] -0.161 -0.331  1.000 -0.241  0.330 -0.645  0.061  0.113 -0.024 -0.115
 [4,] -0.534  0.150 -0.241  1.000  0.137  0.575 -0.011  0.117 -0.038  0.039
 [5,] -0.269 -0.370  0.330  0.137  1.000  0.022 -0.690  0.490 -0.151 -0.445
 [6,] -0.132  0.105 -0.645  0.575  0.022  1.000 -0.133  0.177 -0.127 -0.026
 [7,] -0.004 -0.080  0.061 -0.011 -0.690 -0.133  1.000 -0.476  0.089  0.439
 [8,] -0.178 -0.049  0.113  0.117  0.490  0.177 -0.476  1.000  0.067  0.011
 [9,] -0.159  0.256 -0.024 -0.038 -0.151 -0.127  0.089  0.067  1.000 -0.001
[10,]  0.037  0.034 -0.115  0.039 -0.445 -0.026  0.439  0.011 -0.001  1.000
[1] "The counts generated in the last step look as follows:"
      [,1] [,2] [,3] [,4] [,5] [,6]
 [1,]    7    7    7   13    7    4
 [2,]    5    1    3    4    3    3
 [3,]    3    7    4    3    4    5
 [4,]    5    3    5    3    4    6
 [5,]    3    6    6    4    5    7
 [6,]    6    2    7    5    4    7
 [7,]    6    5    1    2    3    1
 [8,]    2    3    6    1    3    4
 [9,]    7    2    2    1    5    3
[10,]    8    6    8    5   13    3
[1] "The data was created with a eta of"
 [1] 2 2 2 2 2 2 2 2 2 2
[1] "The data was created with the following theta matrix:"
      [,1]   [,2]   [,3]   [,4]   [,5]   [,6]   [,7]   [,8]   [,9]  [,10]
 [1,]    0  0.000  0.000  0.000  0.000  0.000  0.000  0.000  0.000  0.000
 [2,]    0  0.000 -0.077  0.000  0.000  0.000 -0.070  0.000  0.000 -0.057
 [3,]    0 -0.077  0.000  0.000  0.000 -0.052  0.000  0.000  0.000  0.000
 [4,]    0  0.000  0.000  0.000  0.000  0.000  0.000 -0.070 -0.057  0.000
 [5,]    0  0.000  0.000  0.000  0.000  0.000 -0.095  0.000 -0.061  0.000
 [6,]    0  0.000 -0.052  0.000  0.000  0.000  0.000  0.000  0.000  0.000
 [7,]    0 -0.070  0.000  0.000 -0.095  0.000  0.000 -0.074  0.000  0.000
 [8,]    0  0.000  0.000 -0.070  0.000  0.000 -0.074  0.000 -0.062  0.000
 [9,]    0  0.000  0.000 -0.057 -0.061  0.000  0.000 -0.062  0.000  0.000
[10,]    0 -0.057  0.000  0.000  0.000  0.000  0.000  0.000  0.000  0.000
[1] "The mean effective sample size is"
[1] 37775.3
[1] "The mean effective sample size without burnin is"
[1] 18910.65
