[1] "Convergence check with the Rubin-Gelman diagnostic"
[1] "All chains converged."
[1] "Convergence check with the acf diagnostic"
[1] "All chains converged."
[1] "This is the mean correlation matrix of the chosen samples, adjusted for autocorretion"
        V1     V2     V3     V4     V5     V6     V7     V8     V9    V10
V1   1.000 -0.032 -0.064 -0.012 -0.085  0.016 -0.001 -0.003  0.023 -0.051
V2  -0.032  1.000 -0.011 -0.125 -0.057 -0.033 -0.059  0.007 -0.002 -0.020
V3  -0.064 -0.011  1.000 -0.016  0.027 -0.035 -0.020  0.004  0.029 -0.040
V4  -0.012 -0.125 -0.016  1.000  0.027 -0.082 -0.062  0.008 -0.018 -0.002
V5  -0.085 -0.057  0.027  0.027  1.000  0.028 -0.072 -0.047 -0.050  0.010
V6   0.016 -0.033 -0.035 -0.082  0.028  1.000 -0.025 -0.058  0.006  0.006
V7  -0.001 -0.059 -0.020 -0.062 -0.072 -0.025  1.000  0.052 -0.025 -0.073
V8  -0.003  0.007  0.004  0.008 -0.047 -0.058  0.052  1.000  0.033 -0.060
V9   0.023 -0.002  0.029 -0.018 -0.050  0.006 -0.025  0.033  1.000 -0.029
V10 -0.051 -0.020 -0.040 -0.002  0.010  0.006 -0.073 -0.060 -0.029  1.000
V11 -0.034 -0.047  0.013  0.030 -0.039  0.009 -0.070 -0.027  0.069 -0.056
V12 -0.015  0.015  0.001  0.010  0.053  0.002 -0.016  0.032 -0.083 -0.019
V13 -0.050  0.018 -0.002 -0.068 -0.033  0.012 -0.021 -0.019  0.009 -0.017
V14 -0.063  0.006 -0.110 -0.042  0.015 -0.044  0.024  0.023  0.033 -0.027
V15 -0.032 -0.124  0.028  0.082 -0.005 -0.075 -0.046  0.046  0.008 -0.014
V16  0.033  0.051 -0.008 -0.041 -0.046 -0.007  0.073  0.016 -0.071  0.041
V17  0.045  0.031 -0.086  0.021 -0.080  0.000 -0.063 -0.079 -0.089  0.037
V18 -0.060 -0.110  0.049  0.046  0.068 -0.075 -0.014 -0.023 -0.048  0.034
V19  0.014 -0.045 -0.003 -0.011 -0.010  0.037 -0.046 -0.029  0.001  0.080
V20  0.012 -0.068 -0.035 -0.077 -0.084  0.009  0.008 -0.072 -0.080 -0.029
       V11    V12    V13    V14    V15    V16    V17    V18    V19    V20
V1  -0.034 -0.015 -0.050 -0.063 -0.032  0.033  0.045 -0.060  0.014  0.012
V2  -0.047  0.015  0.018  0.006 -0.124  0.051  0.031 -0.110 -0.045 -0.068
V3   0.013  0.001 -0.002 -0.110  0.028 -0.008 -0.086  0.049 -0.003 -0.035
V4   0.030  0.010 -0.068 -0.042  0.082 -0.041  0.021  0.046 -0.011 -0.077
V5  -0.039  0.053 -0.033  0.015 -0.005 -0.046 -0.080  0.068 -0.010 -0.084
V6   0.009  0.002  0.012 -0.044 -0.075 -0.007  0.000 -0.075  0.037  0.009
V7  -0.070 -0.016 -0.021  0.024 -0.046  0.073 -0.063 -0.014 -0.046  0.008
V8  -0.027  0.032 -0.019  0.023  0.046  0.016 -0.079 -0.023 -0.029 -0.072
V9   0.069 -0.083  0.009  0.033  0.008 -0.071 -0.089 -0.048  0.001 -0.080
V10 -0.056 -0.019 -0.017 -0.027 -0.014  0.041  0.037  0.034  0.080 -0.029
V11  1.000 -0.033 -0.067  0.021  0.005 -0.086 -0.046  0.014 -0.083  0.022
V12 -0.033  1.000 -0.024 -0.002  0.078 -0.013 -0.069 -0.074 -0.054 -0.040
V13 -0.067 -0.024  1.000  0.046 -0.010  0.012  0.008  0.010  0.000 -0.013
V14  0.021 -0.002  0.046  1.000 -0.079 -0.049  0.033 -0.068 -0.011  0.007
V15  0.005  0.078 -0.010 -0.079  1.000 -0.048 -0.007 -0.029 -0.073 -0.070
V16 -0.086 -0.013  0.012 -0.049 -0.048  1.000 -0.046  0.051 -0.041 -0.053
V17 -0.046 -0.069  0.008  0.033 -0.007 -0.046  1.000 -0.014 -0.046 -0.008
V18  0.014 -0.074  0.010 -0.068 -0.029  0.051 -0.014  1.000 -0.126 -0.008
V19 -0.083 -0.054  0.000 -0.011 -0.073 -0.041 -0.046 -0.126  1.000 -0.013
V20  0.022 -0.040 -0.013  0.007 -0.070 -0.053 -0.008 -0.008 -0.013  1.000
[1] "The counts generated in the last step look as follows:"
      [,1] [,2] [,3] [,4] [,5] [,6]
 [1,]   77   69   93   72   62   74
 [2,]   75   66   60   78   72   80
 [3,]   78   82   60   82   72   66
 [4,]   83   55   90   79   78   73
 [5,]   85   94   61   82   85   75
 [6,]   70   71   64   57   84   79
 [7,]   72   58   70   75   67   75
 [8,]   97   96   73  102   82  102
 [9,]   87   72   96   88   89   82
[10,]   79   94   56   72   76   70
[11,]   65   63   78   81   77   80
[12,]   71   72   59   73   67   67
[13,]   80   71   79   61   64   67
[14,]   62   68   78   71   76   88
[15,]   67   63   67   79   69   69
[16,]   90   87   78   68   86   71
[17,]   80   67   84   56   76   74
[18,]   93   80  103   90  102   80
[19,]   53   65   61   75   70   60
[20,]   62   60   57   69   77   56
[1] "The data was created with a eta of"
 [1] 5 5 5 5 5 5 5 5 5 5 5 5 5 5 5 5 5 5 5 5
[1] "The data was created with the following theta matrix:"
        [,1]   [,2]   [,3]   [,4]   [,5]   [,6]   [,7]   [,8]   [,9]  [,10]
 [1,]  0.000  0.000 -0.001 -0.001 -0.001 -0.001 -0.001 -0.001  0.000 -0.001
 [2,]  0.000  0.000  0.000 -0.001 -0.001 -0.001 -0.001  0.000  0.000 -0.001
 [3,] -0.001  0.000  0.000 -0.001  0.000 -0.001 -0.001 -0.001  0.000 -0.001
 [4,] -0.001 -0.001 -0.001  0.000  0.000 -0.001 -0.001 -0.001  0.000 -0.001
 [5,] -0.001 -0.001  0.000  0.000  0.000  0.000 -0.001 -0.001 -0.001  0.000
 [6,] -0.001 -0.001 -0.001 -0.001  0.000  0.000 -0.001 -0.001 -0.001 -0.001
 [7,] -0.001 -0.001 -0.001 -0.001 -0.001 -0.001  0.000  0.000 -0.001 -0.001
 [8,] -0.001  0.000 -0.001 -0.001 -0.001 -0.001  0.000  0.000  0.000 -0.001
 [9,]  0.000  0.000  0.000  0.000 -0.001 -0.001 -0.001  0.000  0.000 -0.001
[10,] -0.001 -0.001 -0.001 -0.001  0.000 -0.001 -0.001 -0.001 -0.001  0.000
[11,] -0.001 -0.001  0.000  0.000 -0.001 -0.001 -0.001  0.000  0.000 -0.001
[12,] -0.001 -0.001 -0.001  0.000  0.000 -0.001 -0.001  0.000 -0.001  0.000
[13,] -0.001 -0.001 -0.001 -0.001 -0.001 -0.001  0.000 -0.001 -0.001  0.000
[14,] -0.001 -0.001 -0.001 -0.001  0.000 -0.001  0.000 -0.001  0.000  0.000
[15,] -0.001 -0.001  0.000  0.000 -0.001 -0.001 -0.001  0.000  0.000 -0.001
[16,]  0.000  0.000 -0.001 -0.001 -0.001  0.000  0.000  0.000 -0.001 -0.001
[17,]  0.000  0.000 -0.001  0.000 -0.001 -0.001 -0.001 -0.001 -0.001  0.000
[18,] -0.001 -0.001  0.000  0.000  0.000 -0.001 -0.001  0.000  0.000  0.000
[19,] -0.001 -0.001 -0.001 -0.001 -0.001  0.000 -0.001 -0.001 -0.001  0.000
[20,]  0.000 -0.001 -0.001 -0.001 -0.001  0.000 -0.001 -0.001 -0.001 -0.001
       [,11]  [,12]  [,13]  [,14]  [,15]  [,16]  [,17]  [,18]  [,19]  [,20]
 [1,] -0.001 -0.001 -0.001 -0.001 -0.001  0.000  0.000 -0.001 -0.001  0.000
 [2,] -0.001 -0.001 -0.001 -0.001 -0.001  0.000  0.000 -0.001 -0.001 -0.001
 [3,]  0.000 -0.001 -0.001 -0.001  0.000 -0.001 -0.001  0.000 -0.001 -0.001
 [4,]  0.000  0.000 -0.001 -0.001  0.000 -0.001  0.000  0.000 -0.001 -0.001
 [5,] -0.001  0.000 -0.001  0.000 -0.001 -0.001 -0.001  0.000 -0.001 -0.001
 [6,] -0.001 -0.001 -0.001 -0.001 -0.001  0.000 -0.001 -0.001  0.000  0.000
 [7,] -0.001 -0.001  0.000  0.000 -0.001  0.000 -0.001 -0.001 -0.001 -0.001
 [8,]  0.000  0.000 -0.001 -0.001  0.000  0.000 -0.001  0.000 -0.001 -0.001
 [9,]  0.000 -0.001 -0.001  0.000  0.000 -0.001 -0.001  0.000 -0.001 -0.001
[10,] -0.001  0.000  0.000  0.000 -0.001 -0.001  0.000  0.000  0.000 -0.001
[11,]  0.000 -0.001 -0.001 -0.001  0.000 -0.001 -0.001 -0.001 -0.001  0.000
[12,] -0.001  0.000 -0.001  0.000 -0.001 -0.001 -0.001 -0.001 -0.001 -0.001
[13,] -0.001 -0.001  0.000 -0.001 -0.001 -0.001 -0.001  0.000 -0.001  0.000
[14,] -0.001  0.000 -0.001  0.000 -0.001 -0.001 -0.001 -0.001 -0.001  0.000
[15,]  0.000 -0.001 -0.001 -0.001  0.000 -0.001 -0.001 -0.001  0.000 -0.001
[16,] -0.001 -0.001 -0.001 -0.001 -0.001  0.000 -0.001  0.000 -0.001 -0.001
[17,] -0.001 -0.001 -0.001 -0.001 -0.001 -0.001  0.000  0.000 -0.001 -0.001
[18,] -0.001 -0.001  0.000 -0.001 -0.001  0.000  0.000  0.000 -0.001 -0.001
[19,] -0.001 -0.001 -0.001 -0.001  0.000 -0.001 -0.001 -0.001  0.000 -0.001
[20,]  0.000 -0.001  0.000  0.000 -0.001 -0.001 -0.001 -0.001 -0.001  0.000
[1] "The mean effective sample size is"
[1] 9533.982
[1] "The mean effective sample size without burnin is"
[1] 4749.567
