[1] "Convergence check with the Rubin-Gelman diagnostic"
[1] "All chains converged."
[1] "Convergence check with the acf diagnostic"
[1] "All chains converged."
[1] "This is the mean correlation matrix of the last 1000 iterations"
        [,1]   [,2]   [,3]   [,4]   [,5]   [,6]   [,7]   [,8]   [,9]  [,10]
 [1,]  1.000  0.155  0.027  0.044 -0.600 -0.242 -0.166 -0.286  0.004 -0.028
 [2,]  0.155  1.000 -0.368  0.246 -0.105  0.309  0.077 -0.488 -0.510  0.012
 [3,]  0.027 -0.368  1.000  0.182  0.126 -0.180  0.045  0.186  0.183 -0.365
 [4,]  0.044  0.246  0.182  1.000  0.178  0.435 -0.134 -0.612 -0.580 -0.250
 [5,] -0.600 -0.105  0.126  0.178  1.000  0.083  0.202  0.106  0.047  0.146
 [6,] -0.242  0.309 -0.180  0.435  0.083  1.000  0.118 -0.433 -0.438 -0.191
 [7,] -0.166  0.077  0.045 -0.134  0.202  0.118  1.000 -0.045  0.167  0.270
 [8,] -0.286 -0.488  0.186 -0.612  0.106 -0.433 -0.045  1.000  0.441 -0.027
 [9,]  0.004 -0.510  0.183 -0.580  0.047 -0.438  0.167  0.441  1.000  0.432
[10,] -0.028  0.012 -0.365 -0.250  0.146 -0.191  0.270 -0.027  0.432  1.000
[11,] -0.138 -0.435 -0.069 -0.486  0.093 -0.486  0.167  0.579  0.613  0.496
[12,]  0.195  0.233 -0.519  0.143 -0.235 -0.151 -0.323 -0.069 -0.292 -0.080
[13,] -0.201 -0.397  0.373  0.128  0.188 -0.068  0.204 -0.104  0.296  0.029
[14,]  0.132 -0.213  0.161  0.033 -0.202 -0.160 -0.211 -0.063  0.024  0.028
[15,]  0.134 -0.009 -0.078 -0.335  0.102 -0.541 -0.025  0.167  0.330  0.352
[16,] -0.260  0.219  0.041  0.115 -0.180  0.098 -0.228  0.038 -0.425 -0.516
[17,] -0.026  0.582 -0.305  0.341  0.124  0.522  0.134 -0.475 -0.484  0.009
[18,] -0.316  0.050  0.189  0.075  0.095  0.101 -0.106  0.225 -0.227 -0.499
[19,]     NA     NA     NA     NA     NA     NA     NA     NA     NA     NA
[20,]  0.033 -0.556  0.259 -0.356 -0.077 -0.631  0.025  0.344  0.484  0.064
       [,11]  [,12]  [,13]  [,14]  [,15]  [,16]  [,17]  [,18] [,19]  [,20]
 [1,] -0.138  0.195 -0.201  0.132  0.134 -0.260 -0.026 -0.316    NA  0.033
 [2,] -0.435  0.233 -0.397 -0.213 -0.009  0.219  0.582  0.050    NA -0.556
 [3,] -0.069 -0.519  0.373  0.161 -0.078  0.041 -0.305  0.189    NA  0.259
 [4,] -0.486  0.143  0.128  0.033 -0.335  0.115  0.341  0.075    NA -0.356
 [5,]  0.093 -0.235  0.188 -0.202  0.102 -0.180  0.124  0.095    NA -0.077
 [6,] -0.486 -0.151 -0.068 -0.160 -0.541  0.098  0.522  0.101    NA -0.631
 [7,]  0.167 -0.323  0.204 -0.211 -0.025 -0.228  0.134 -0.106    NA  0.025
 [8,]  0.579 -0.069 -0.104 -0.063  0.167  0.038 -0.475  0.225    NA  0.344
 [9,]  0.613 -0.292  0.296  0.024  0.330 -0.425 -0.484 -0.227    NA  0.484
[10,]  0.496 -0.080  0.029  0.028  0.352 -0.516  0.009 -0.499    NA  0.064
[11,]  1.000  0.024  0.002 -0.167  0.196 -0.459 -0.386 -0.104    NA  0.542
[12,]  0.024  1.000 -0.421 -0.352  0.185  0.231  0.050  0.038    NA  0.002
[13,]  0.002 -0.421  1.000  0.380  0.126 -0.072 -0.313  0.027    NA  0.263
[14,] -0.167 -0.352  0.380  1.000 -0.157  0.056 -0.398  0.038    NA -0.123
[15,]  0.196  0.185  0.126 -0.157  1.000  0.019 -0.190 -0.458    NA  0.264
[16,] -0.459  0.231 -0.072  0.056  0.019  1.000 -0.019  0.419    NA -0.177
[17,] -0.386  0.050 -0.313 -0.398 -0.190 -0.019  1.000 -0.210    NA -0.389
[18,] -0.104  0.038  0.027  0.038 -0.458  0.419 -0.210  1.000    NA -0.092
[19,]     NA     NA     NA     NA     NA     NA     NA     NA     1     NA
[20,]  0.542  0.002  0.263 -0.123  0.264 -0.177 -0.389 -0.092    NA  1.000
[1] "The counts generated in the last step look as follows:"
      [,1] [,2] [,3] [,4] [,5] [,6]
 [1,]    2    1    1    4    1    0
 [2,]    1    1    0    5    2    2
 [3,]    0    5    2    0    4    0
 [4,]    6    6    2    5    6    6
 [5,]    6    5    6    3   10    8
 [6,]    3    4    0    3    3    4
 [7,]    0    1    2    1    4    1
 [8,]    1    3    5    1    2    3
 [9,]    8    5   11    4    7    3
[10,]    5    0    4    2    3    2
[11,]    4    2    6    2    4    4
[12,]    1    0    1    2    0    2
[13,]    6    6    6    4    6    4
[14,]    4    4    3    2    2    2
[15,]    3    2    5    4    3    1
[16,]    0    4    2    2    0    2
[17,]    2    1    0    3    3    2
[18,]    0    5    4    2    2    7
[19,]    2    1    0    0    1    1
[20,]    3    1    8    1    4    2
[1] "The data was created with a eta of"
 [1] 2 2 2 2 2 2 2 2 2 2 2 2 2 2 2 2 2 2 2 2
[1] "The data was created with the following theta matrix:"
        [,1]   [,2]   [,3]   [,4]   [,5]   [,6]   [,7]   [,8]   [,9]  [,10]
 [1,]  0.000  0.000 -0.064  0.000 -0.092  0.000 -0.080  0.000 -0.069  0.000
 [2,]  0.000  0.000  0.000  0.000  0.000  0.000 -0.089 -0.052 -0.072  0.000
 [3,] -0.064  0.000  0.000  0.000  0.000  0.000 -0.069 -0.077  0.000 -0.075
 [4,]  0.000  0.000  0.000  0.000  0.000  0.000 -0.065 -0.059  0.000  0.000
 [5,] -0.092  0.000  0.000  0.000  0.000  0.000  0.000  0.000  0.000  0.000
 [6,]  0.000  0.000  0.000  0.000  0.000  0.000 -0.085  0.000 -0.076  0.000
 [7,] -0.080 -0.089 -0.069 -0.065  0.000 -0.085  0.000 -0.098  0.000  0.000
 [8,]  0.000 -0.052 -0.077 -0.059  0.000  0.000 -0.098  0.000  0.000 -0.061
 [9,] -0.069 -0.072  0.000  0.000  0.000 -0.076  0.000  0.000  0.000  0.000
[10,]  0.000  0.000 -0.075  0.000  0.000  0.000  0.000 -0.061  0.000  0.000
[11,]  0.000  0.000 -0.081  0.000  0.000  0.000 -0.066  0.000  0.000  0.000
[12,]  0.000 -0.089  0.000  0.000 -0.092 -0.054  0.000  0.000  0.000 -0.071
[13,] -0.071  0.000  0.000  0.000  0.000  0.000  0.000 -0.096  0.000  0.000
[14,]  0.000  0.000  0.000  0.000  0.000  0.000  0.000  0.000  0.000  0.000
[15,]  0.000 -0.091  0.000  0.000  0.000  0.000  0.000  0.000  0.000  0.000
[16,]  0.000  0.000 -0.088 -0.054  0.000  0.000  0.000 -0.089  0.000 -0.089
[17,] -0.067 -0.058 -0.074  0.000  0.000  0.000  0.000  0.000 -0.089  0.000
[18,]  0.000  0.000  0.000  0.000  0.000  0.000 -0.074  0.000  0.000 -0.099
[19,]  0.000 -0.091 -0.068 -0.066  0.000  0.000  0.000  0.000  0.000 -0.062
[20,] -0.061 -0.094  0.000  0.000  0.000 -0.084  0.000  0.000  0.000  0.000
       [,11]  [,12]  [,13]  [,14]  [,15]  [,16]  [,17]  [,18]  [,19]  [,20]
 [1,]  0.000  0.000 -0.071  0.000  0.000  0.000 -0.067  0.000  0.000 -0.061
 [2,]  0.000 -0.089  0.000  0.000 -0.091  0.000 -0.058  0.000 -0.091 -0.094
 [3,] -0.081  0.000  0.000  0.000  0.000 -0.088 -0.074  0.000 -0.068  0.000
 [4,]  0.000  0.000  0.000  0.000  0.000 -0.054  0.000  0.000 -0.066  0.000
 [5,]  0.000 -0.092  0.000  0.000  0.000  0.000  0.000  0.000  0.000  0.000
 [6,]  0.000 -0.054  0.000  0.000  0.000  0.000  0.000  0.000  0.000 -0.084
 [7,] -0.066  0.000  0.000  0.000  0.000  0.000  0.000 -0.074  0.000  0.000
 [8,]  0.000  0.000 -0.096  0.000  0.000 -0.089  0.000  0.000  0.000  0.000
 [9,]  0.000  0.000  0.000  0.000  0.000  0.000 -0.089  0.000  0.000  0.000
[10,]  0.000 -0.071  0.000  0.000  0.000 -0.089  0.000 -0.099 -0.062  0.000
[11,]  0.000  0.000  0.000 -0.053 -0.075  0.000  0.000  0.000  0.000  0.000
[12,]  0.000  0.000 -0.064 -0.090  0.000  0.000  0.000  0.000  0.000  0.000
[13,]  0.000 -0.064  0.000  0.000  0.000  0.000 -0.094  0.000 -0.085  0.000
[14,] -0.053 -0.090  0.000  0.000 -0.086  0.000  0.000  0.000  0.000  0.000
[15,] -0.075  0.000  0.000 -0.086  0.000  0.000 -0.072 -0.084 -0.062  0.000
[16,]  0.000  0.000  0.000  0.000  0.000  0.000 -0.056  0.000 -0.098 -0.076
[17,]  0.000  0.000 -0.094  0.000 -0.072 -0.056  0.000  0.000  0.000  0.000
[18,]  0.000  0.000  0.000  0.000 -0.084  0.000  0.000  0.000  0.000  0.000
[19,]  0.000  0.000 -0.085  0.000 -0.062 -0.098  0.000  0.000  0.000 -0.091
[20,]  0.000  0.000  0.000  0.000  0.000 -0.076  0.000  0.000 -0.091  0.000
[1] "The mean effective sample size is"
[1] 31175.65
[1] "The mean effective sample size without burnin is"
[1] 15612.03
