[1] "Convergence check with the Rubin-Gelman diagnostic"
[1] "All chains converged."
[1] "Convergence check with the acf diagnostic"
[1] "All chains converged."
[1] "This is the mean covariance matrix of the last 1000 iterations"
             [,1]        [,2]        [,3]        [,4]        [,5]        [,6]
 [1,]  1.36917317  0.25066966  0.08816558 -0.87629887  0.28323904 -0.08841461
 [2,]  0.25066966  0.53950168  0.16132511 -0.36467366 -0.12777551 -0.14946841
 [3,]  0.08816558  0.16132511  0.51257875 -0.24611473  0.12808876 -0.15868348
 [4,] -0.87629887 -0.36467366 -0.24611473  2.90506343  0.46345892  0.38344653
 [5,]  0.28323904 -0.12777551  0.12808876  0.46345892  0.84478276  0.04174574
 [6,] -0.08841461 -0.14946841 -0.15868348  0.38344653  0.04174574  0.63411926
 [7,] -0.46091251  0.08307737  0.00708622  0.17860794 -0.33640669 -0.17259657
 [8,] -0.17321972  0.06026215 -0.07024933 -0.04278733 -0.18276773 -0.28743180
 [9,] -0.28335721 -0.05239831 -0.20616283 -0.22357706 -0.37385354 -0.11895980
[10,] -0.24097822 -0.33123966 -0.32276437  0.06290692 -0.26409919 -0.05325659
             [,7]        [,8]         [,9]        [,10]
 [1,] -0.46091251 -0.17321972 -0.283357214 -0.240978219
 [2,]  0.08307737  0.06026215 -0.052398306 -0.331239660
 [3,]  0.00708622 -0.07024933 -0.206162834 -0.322764367
 [4,]  0.17860794 -0.04278733 -0.223577060  0.062906919
 [5,] -0.33640669 -0.18276773 -0.373853538 -0.264099190
 [6,] -0.17259657 -0.28743180 -0.118959798 -0.053256587
 [7,]  1.64732328  0.12190547 -0.076347271  0.358346697
 [8,]  0.12190547  1.07670057  0.370944524  0.010068461
 [9,] -0.07634727  0.37094452  0.913453562 -0.008455429
[10,]  0.35834670  0.01006846 -0.008455429  1.759478445
[1] "The data was created with a eta of"
 [1] 1 1 1 1 1 1 1 1 1 1
[1] "The mean effective sample size is"
[1] 4665.724
[1] "The mean effective sample size without burnin is"
[1] 2308.374
