[1] "Convergence check with the Rubin-Gelman diagnostic"
[1] "All chains converged."
[1] "Convergence check with the acf diagnostic"
[1] "All chains converged."
[1] "This is the mean correlation matrix of the last 10000 iterations"
        [,1]   [,2]   [,3]   [,4]   [,5]   [,6]   [,7]   [,8]   [,9]  [,10]
 [1,]  1.000 -0.327 -0.147 -0.395  0.032 -0.068  0.351 -0.318  0.156  0.186
 [2,] -0.327  1.000 -0.082  0.371 -0.065 -0.051 -0.419  0.241  0.078  0.277
 [3,] -0.147 -0.082  1.000  0.155  0.390 -0.017 -0.343  0.261 -0.233 -0.199
 [4,] -0.395  0.371  0.155  1.000 -0.124 -0.134 -0.309 -0.008  0.139  0.395
 [5,]  0.032 -0.065  0.390 -0.124  1.000 -0.129 -0.105 -0.138  0.081 -0.449
 [6,] -0.068 -0.051 -0.017 -0.134 -0.129  1.000 -0.017  0.230 -0.505 -0.062
 [7,]  0.351 -0.419 -0.343 -0.309 -0.105 -0.017  1.000 -0.436  0.388  0.034
 [8,] -0.318  0.241  0.261 -0.008 -0.138  0.230 -0.436  1.000 -0.336 -0.331
 [9,]  0.156  0.078 -0.233  0.139  0.081 -0.505  0.388 -0.336  1.000  0.157
[10,]  0.186  0.277 -0.199  0.395 -0.449 -0.062  0.034 -0.331  0.157  1.000
[1] "This is the mean correlation matrix of the chosen samples, adjusted for autocorretion"
        V1     V2     V3     V4     V5     V6     V7     V8     V9    V10
V1   1.000  0.014  0.004 -0.017 -0.011  0.003  0.003 -0.002  0.001  0.001
V2   0.014  1.000 -0.009 -0.008  0.012  0.002 -0.011 -0.008  0.008  0.009
V3   0.004 -0.009  1.000  0.006  0.015 -0.007 -0.002  0.003 -0.007  0.004
V4  -0.017 -0.008  0.006  1.000  0.001  0.002 -0.001  0.003  0.006 -0.007
V5  -0.011  0.012  0.015  0.001  1.000 -0.002  0.013 -0.012 -0.002 -0.025
V6   0.003  0.002 -0.007  0.002 -0.002  1.000  0.005  0.002  0.007  0.007
V7   0.003 -0.011 -0.002 -0.001  0.013  0.005  1.000  0.004  0.017  0.001
V8  -0.002 -0.008  0.003  0.003 -0.012  0.002  0.004  1.000 -0.009  0.007
V9   0.001  0.008 -0.007  0.006 -0.002  0.007  0.017 -0.009  1.000 -0.004
V10  0.001  0.009  0.004 -0.007 -0.025  0.007  0.001  0.007 -0.004  1.000
[1] "The counts generated in the last step look as follows:"
      [,1] [,2] [,3] [,4] [,5] [,6]
 [1,]  145  160  160  152  166  175
 [2,]  163  151  159  154  158  146
 [3,]  147  158  166  152  146  139
 [4,]  165  150  157  149  151  145
 [5,]  131  149  152  151  155  135
 [6,]  142  149  138  150  134  142
 [7,]  140  146  131  161  165  160
 [8,]  161  177  159  142  144  143
 [9,]  157  125  132  131  172  136
[10,]  166  117  158  152  139  158
[1] "The data was created with a eta of"
 [1] 5 5 5 5 5 5 5 5 5 5
[1] "The data was created with the following theta matrix:"
      [,1] [,2] [,3] [,4] [,5] [,6] [,7] [,8] [,9] [,10]
 [1,]    0    0    0    0    0    0    0    0    0     0
 [2,]    0    0    0    0    0    0    0    0    0     0
 [3,]    0    0    0    0    0    0    0    0    0     0
 [4,]    0    0    0    0    0    0    0    0    0     0
 [5,]    0    0    0    0    0    0    0    0    0     0
 [6,]    0    0    0    0    0    0    0    0    0     0
 [7,]    0    0    0    0    0    0    0    0    0     0
 [8,]    0    0    0    0    0    0    0    0    0     0
 [9,]    0    0    0    0    0    0    0    0    0     0
[10,]    0    0    0    0    0    0    0    0    0     0
[1] "The mean effective sample size is"
[1] 100008.3
[1] "The mean effective sample size without burnin is"
[1] 50041.77
