[1] "Convergence check with the Rubin-Gelman diagnostic"
[1] "All chains converged."
[1] "Convergence check with the acf diagnostic"
[1] "All chains converged."
[1] "This is the mean covariance matrix of the last 1000 iterations"
        [,1]   [,2]   [,3]   [,4]   [,5]   [,6]   [,7]   [,8]   [,9]  [,10]
 [1,]  0.244  0.046 -0.002 -0.029 -0.118 -0.081  0.058  0.016 -0.024  0.004
 [2,]  0.046  0.130  0.017  0.004 -0.037 -0.063 -0.004  0.000 -0.025 -0.029
 [3,] -0.002  0.017  0.080 -0.015 -0.037 -0.047  0.003 -0.018 -0.011 -0.021
 [4,] -0.029  0.004 -0.015  0.144  0.032 -0.059 -0.014 -0.060 -0.004 -0.012
 [5,] -0.118 -0.037 -0.037  0.032  0.355  0.238 -0.054 -0.078 -0.026 -0.013
 [6,] -0.081 -0.063 -0.047 -0.059  0.238  0.378 -0.044  0.033  0.049  0.021
 [7,]  0.058 -0.004  0.003 -0.014 -0.054 -0.044  0.116 -0.051  0.016 -0.008
 [8,]  0.016  0.000 -0.018 -0.060 -0.078  0.033 -0.051  0.242  0.046  0.040
 [9,] -0.024 -0.025 -0.011 -0.004 -0.026  0.049  0.016  0.046  0.110  0.035
[10,]  0.004 -0.029 -0.021 -0.012 -0.013  0.021 -0.008  0.040  0.035  0.094
[11,]  0.137  0.029  0.028 -0.048 -0.119 -0.087  0.065 -0.010 -0.009 -0.019
[12,] -0.121  0.008  0.000 -0.029 -0.034 -0.121  0.020 -0.092 -0.038 -0.038
[13,] -0.134 -0.025  0.033 -0.058  0.075  0.058 -0.050  0.025 -0.017 -0.008
[14,]  0.031 -0.017 -0.023  0.104 -0.005 -0.096 -0.036 -0.013 -0.020  0.000
[15,]  0.001  0.008 -0.035 -0.020  0.066  0.045 -0.005 -0.016 -0.023 -0.017
[16,]  0.016  0.025  0.032 -0.009 -0.020 -0.023 -0.005 -0.025 -0.018 -0.008
[17,] -0.134  0.025  0.033 -0.079 -0.016  0.038 -0.074  0.191 -0.012 -0.008
[18,] -0.047 -0.017 -0.001 -0.006 -0.012  0.024 -0.004  0.035  0.033  0.010
[19,]  0.033 -0.008 -0.021  0.046 -0.021 -0.050 -0.006 -0.027 -0.027  0.007
[20,] -0.009  0.012  0.005  0.006  0.001  0.017 -0.002 -0.004 -0.006 -0.019
       [,11]  [,12]  [,13]  [,14]  [,15]  [,16]  [,17]  [,18]  [,19]  [,20]
 [1,]  0.137 -0.121 -0.134  0.031  0.001  0.016 -0.134 -0.047  0.033 -0.009
 [2,]  0.029  0.008 -0.025 -0.017  0.008  0.025  0.025 -0.017 -0.008  0.012
 [3,]  0.028  0.000  0.033 -0.023 -0.035  0.032  0.033 -0.001 -0.021  0.005
 [4,] -0.048 -0.029 -0.058  0.104 -0.020 -0.009 -0.079 -0.006  0.046  0.006
 [5,] -0.119 -0.034  0.075 -0.005  0.066 -0.020 -0.016 -0.012 -0.021  0.001
 [6,] -0.087 -0.121  0.058 -0.096  0.045 -0.023  0.038  0.024 -0.050  0.017
 [7,]  0.065  0.020 -0.050 -0.036 -0.005 -0.005 -0.074 -0.004 -0.006 -0.002
 [8,] -0.010 -0.092  0.025 -0.013 -0.016 -0.025  0.191  0.035 -0.027 -0.004
 [9,] -0.009 -0.038 -0.017 -0.020 -0.023 -0.018 -0.012  0.033 -0.027 -0.006
[10,] -0.019 -0.038 -0.008  0.000 -0.017 -0.008 -0.008  0.010  0.007 -0.019
[11,]  0.209 -0.029 -0.108  0.020 -0.021  0.041 -0.096 -0.007 -0.004  0.012
[12,] -0.029  0.702  0.058 -0.025  0.042 -0.066 -0.034 -0.074 -0.100 -0.012
[13,] -0.108  0.058  0.276 -0.108 -0.017 -0.025  0.192 -0.017 -0.025  0.000
[14,]  0.020 -0.025 -0.108  0.201 -0.018 -0.009 -0.142 -0.004  0.050  0.008
[15,] -0.021  0.042 -0.017 -0.018  0.087 -0.015  0.000  0.019 -0.025 -0.013
[16,]  0.041 -0.066 -0.025 -0.009 -0.015  0.087  0.044 -0.015  0.025 -0.001
[17,] -0.096 -0.034  0.192 -0.142  0.000  0.044  0.594  0.016 -0.016 -0.013
[18,] -0.007 -0.074 -0.017 -0.004  0.019 -0.015  0.016  0.137 -0.027 -0.015
[19,] -0.004 -0.100 -0.025  0.050 -0.025  0.025 -0.016 -0.027  0.151  0.000
[20,]  0.012 -0.012  0.000  0.008 -0.013 -0.001 -0.013 -0.015  0.000  0.060
[1] "The data was created with a eta of"
 [1] 1 1 1 1 1 1 1 1 1 1 1 1 1 1 1 1 1 1 1 1
[1] "The mean effective sample size is"
[1] 7283.144
[1] "The mean effective sample size without burnin is"
[1] 3631.969
