[1] "Convergence check with the Rubin-Gelman diagnostic"
[1] "All chains converged."
[1] "Convergence check with the acf diagnostic"
[1] "All chains converged."
[1] "This is the mean correlation matrix of the last 10000 iterations"
        [,1]   [,2]   [,3]   [,4]   [,5]   [,6]   [,7]   [,8]   [,9]  [,10]
 [1,]  1.000  0.346 -0.232 -0.066  0.278  0.239  0.139  0.427  0.015 -0.054
 [2,]  0.346  1.000 -0.331 -0.396 -0.003  0.449  0.071 -0.177  0.079 -0.100
 [3,] -0.232 -0.331  1.000  0.413  0.126 -0.497 -0.040 -0.119 -0.103  0.423
 [4,] -0.066 -0.396  0.413  1.000  0.111 -0.375  0.452  0.176 -0.421 -0.057
 [5,]  0.278 -0.003  0.126  0.111  1.000 -0.056  0.077  0.188 -0.046 -0.003
 [6,]  0.239  0.449 -0.497 -0.375 -0.056  1.000  0.123  0.195 -0.136 -0.222
 [7,]  0.139  0.071 -0.040  0.452  0.077  0.123  1.000  0.020 -0.460 -0.142
 [8,]  0.427 -0.177 -0.119  0.176  0.188  0.195  0.020  1.000 -0.008 -0.187
 [9,]  0.015  0.079 -0.103 -0.421 -0.046 -0.136 -0.460 -0.008  1.000  0.039
[10,] -0.054 -0.100  0.423 -0.057 -0.003 -0.222 -0.142 -0.187  0.039  1.000
[1] "This is the mean correlation matrix of the chosen samples, adjusted for autocorretion"
        V1     V2     V3     V4     V5     V6     V7     V8     V9    V10
V1   1.000 -0.001  0.022  0.010  0.012 -0.007  0.022  0.010  0.008 -0.004
V2  -0.001  1.000  0.013  0.016  0.009  0.005 -0.001 -0.005 -0.011 -0.009
V3   0.022  0.013  1.000  0.015 -0.005  0.003 -0.004  0.004  0.004  0.003
V4   0.010  0.016  0.015  1.000  0.023 -0.005  0.007 -0.016 -0.004 -0.001
V5   0.012  0.009 -0.005  0.023  1.000  0.007 -0.011  0.011 -0.002 -0.005
V6  -0.007  0.005  0.003 -0.005  0.007  1.000 -0.005 -0.020  0.000  0.017
V7   0.022 -0.001 -0.004  0.007 -0.011 -0.005  1.000 -0.007 -0.016  0.004
V8   0.010 -0.005  0.004 -0.016  0.011 -0.020 -0.007  1.000 -0.016 -0.005
V9   0.008 -0.011  0.004 -0.004 -0.002  0.000 -0.016 -0.016  1.000 -0.009
V10 -0.004 -0.009  0.003 -0.001 -0.005  0.017  0.004 -0.005 -0.009  1.000
[1] "The counts generated in the last step look as follows:"
      [,1] [,2] [,3] [,4] [,5] [,6]
 [1,]  163  119  145  139  152  152
 [2,]  155  138  147  167  163  147
 [3,]  157  164  167  138  145  160
 [4,]  158  154  154  150  147  154
 [5,]  179  137  173  144  146  127
 [6,]  151  139  143  165  159  146
 [7,]  165  144  138  149  132  148
 [8,]  161  142  167  153  155  163
 [9,]  142  146  143  134  173  145
[10,]  138  147  146  132  142  140
[1] "The data was created with a eta of"
 [1] 5 5 5 5 5 5 5 5 5 5
[1] "The data was created with the following theta matrix:"
      [,1] [,2] [,3] [,4] [,5] [,6] [,7] [,8] [,9] [,10]
 [1,]    0    0    0    0    0    0    0    0    0     0
 [2,]    0    0    0    0    0    0    0    0    0     0
 [3,]    0    0    0    0    0    0    0    0    0     0
 [4,]    0    0    0    0    0    0    0    0    0     0
 [5,]    0    0    0    0    0    0    0    0    0     0
 [6,]    0    0    0    0    0    0    0    0    0     0
 [7,]    0    0    0    0    0    0    0    0    0     0
 [8,]    0    0    0    0    0    0    0    0    0     0
 [9,]    0    0    0    0    0    0    0    0    0     0
[10,]    0    0    0    0    0    0    0    0    0     0
[1] "The mean effective sample size is"
[1] 100012.3
[1] "The mean effective sample size without burnin is"
[1] 50106.14
