[1] "Convergence check with the Rubin-Gelman diagnostic"
[1] "All chains converged."
[1] "Convergence check with the acf diagnostic"
[1] "All chains converged."
[1] "This is the mean covariance matrix of the last 1000 iterations"
             [,1]        [,2]        [,3]        [,4]         [,5]         [,6]
 [1,]  0.35411754  0.04225516 -0.13991904  0.09517331  0.020266562 -0.231308909
 [2,]  0.04225516  1.19027032 -0.39038256 -0.23153446 -0.102598432 -0.408314815
 [3,] -0.13991904 -0.39038256  1.06210384 -0.30917778 -0.013876602  1.009654345
 [4,]  0.09517331 -0.23153446 -0.30917778  0.64726543  0.070271213 -0.156046996
 [5,]  0.02026656 -0.10259843 -0.01387660  0.07027121  0.272293538  0.003374741
 [6,] -0.23130891 -0.40831482  1.00965435 -0.15604700  0.003374741  1.668347400
 [7,] -0.17053509 -0.33638727 -0.45378700  0.11430589 -0.115792658 -0.442010511
 [8,] -0.17638418  0.57026119 -0.06206593 -0.35482542  0.035721263  0.043827443
 [9,] -0.11856084 -0.55798235  0.49263482 -0.24247888 -0.014720492  0.485361547
[10,]  0.23787426 -0.05655571 -0.64378714  0.45045622  0.054042978 -0.664580151
             [,7]        [,8]        [,9]       [,10]
 [1,] -0.17053509 -0.17638418 -0.11856084  0.23787426
 [2,] -0.33638727  0.57026119 -0.55798235 -0.05655571
 [3,] -0.45378700 -0.06206593  0.49263482 -0.64378714
 [4,]  0.11430589 -0.35482542 -0.24247888  0.45045622
 [5,] -0.11579266  0.03572126 -0.01472049  0.05404298
 [6,] -0.44201051  0.04382744  0.48536155 -0.66458015
 [7,]  1.02648882 -0.04336628 -0.02074027  0.22437363
 [8,] -0.04336628  0.78763297 -0.23209943 -0.30751930
 [9,] -0.02074027 -0.23209943  1.49444569 -0.27422994
[10,]  0.22437363 -0.30751930 -0.27422994  1.04495417
[1] "The data was created with a eta of"
 [1] 1 1 1 1 1 1 1 1 1 1
[1] "The mean effective sample size is"
[1] 4623.582
[1] "The mean effective sample size without burnin is"
[1] 2334.993
