[1] "Convergence check with the Rubin-Gelman diagnostic"
[1] "All chains converged."
[1] "Convergence check with the acf diagnostic"
[1] "All chains converged."
[1] "This is the mean correlation matrix of the chosen samples, adjusted for autocorretion"
        V1     V2     V3     V4     V5     V6     V7     V8     V9    V10
V1   1.000 -0.237  0.140 -0.188 -0.116 -0.075 -0.268 -0.304  0.293  0.003
V2  -0.237  1.000 -0.336  0.184 -0.080  0.036 -0.021  0.143 -0.247 -0.100
V3   0.140 -0.336  1.000 -0.364  0.006 -0.277  0.112  0.090  0.109 -0.235
V4  -0.188  0.184 -0.364  1.000  0.133  0.075 -0.139 -0.137 -0.179  0.022
V5  -0.116 -0.080  0.006  0.133  1.000 -0.042 -0.197 -0.111 -0.198 -0.054
V6  -0.075  0.036 -0.277  0.075 -0.042  1.000 -0.083 -0.077 -0.120  0.029
V7  -0.268 -0.021  0.112 -0.139 -0.197 -0.083  1.000  0.282 -0.248 -0.169
V8  -0.304  0.143  0.090 -0.137 -0.111 -0.077  0.282  1.000 -0.357 -0.304
V9   0.293 -0.247  0.109 -0.179 -0.198 -0.120 -0.248 -0.357  1.000  0.169
V10  0.003 -0.100 -0.235  0.022 -0.054  0.029 -0.169 -0.304  0.169  1.000
[1] "The counts generated in the last step look as follows:"
      [,1] [,2] [,3] [,4] [,5] [,6]
 [1,]   53   49   32   40   55   39
 [2,]   20   30   18   21   20   24
 [3,]   71   73   79   76   82   77
 [4,]   32   17   23   25   20   23
 [5,]   22   15   28   17   28   26
 [6,]    7   16   11   17    9   13
 [7,]   31   42   48   42   53   56
 [8,]   41   39   60   57   32   54
 [9,]   50   46   48   37   55   33
[10,]   23   25   10   24   24   20
[1] "The data was created with a eta of"
 [1] 5 5 5 5 5 5 5 5 5 5
[1] "The data was created with the following theta matrix:"
        [,1]   [,2]   [,3]   [,4]   [,5]   [,6]   [,7]   [,8]   [,9]  [,10]
 [1,]  0.000 -0.007  0.000 -0.006 -0.007 -0.006 -0.007 -0.006  0.000 -0.006
 [2,] -0.007  0.000 -0.007  0.000 -0.009 -0.009 -0.006  0.000 -0.007 -0.009
 [3,]  0.000 -0.007  0.000 -0.007  0.000 -0.009  0.000  0.000  0.000 -0.007
 [4,] -0.006  0.000 -0.007  0.000  0.000 -0.006 -0.005 -0.006 -0.006 -0.006
 [5,] -0.007 -0.009  0.000  0.000  0.000 -0.009 -0.009 -0.006 -0.009 -0.007
 [6,] -0.006 -0.009 -0.009 -0.006 -0.009  0.000 -0.006 -0.007 -0.009 -0.007
 [7,] -0.007 -0.006  0.000 -0.005 -0.009 -0.006  0.000  0.000 -0.006 -0.006
 [8,] -0.006  0.000  0.000 -0.006 -0.006 -0.007  0.000  0.000 -0.007 -0.009
 [9,]  0.000 -0.007  0.000 -0.006 -0.009 -0.009 -0.006 -0.007  0.000  0.000
[10,] -0.006 -0.009 -0.007 -0.006 -0.007 -0.007 -0.006 -0.009  0.000  0.000
[1] "The mean effective sample size is"
[1] 170416.1
[1] "The mean effective sample size without burnin is"
[1] 85155.86
