[1] "Convergence check with the Rubin-Gelman diagnostic"
[1] "All chains converged."
[1] "Convergence check with the acf diagnostic"
[1] "All chains converged."
[1] "This is the mean correlation matrix of the chosen samples, adjusted for autocorretion"
        V1     V2     V3     V4     V5     V6     V7     V8     V9    V10
V1   1.000 -0.225 -0.143 -0.298 -0.004  0.087 -0.133  0.014  0.000  0.057
V2  -0.225  1.000 -0.187  0.084  0.068 -0.176 -0.070  0.043 -0.079 -0.044
V3  -0.143 -0.187  1.000  0.060  0.015  0.020 -0.133  0.020  0.030 -0.138
V4  -0.298  0.084  0.060  1.000  0.018 -0.192  0.048  0.002 -0.010 -0.003
V5  -0.004  0.068  0.015  0.018  1.000 -0.224 -0.194  0.147 -0.276 -0.194
V6   0.087 -0.176  0.020 -0.192 -0.224  1.000  0.079 -0.154  0.143  0.101
V7  -0.133 -0.070 -0.133  0.048 -0.194  0.079  1.000 -0.237  0.096  0.087
V8   0.014  0.043  0.020  0.002  0.147 -0.154 -0.237  1.000 -0.199 -0.163
V9   0.000 -0.079  0.030 -0.010 -0.276  0.143  0.096 -0.199  1.000  0.151
V10  0.057 -0.044 -0.138 -0.003 -0.194  0.101  0.087 -0.163  0.151  1.000
V11  0.013  0.103 -0.192  0.065  0.135 -0.225 -0.016  0.065 -0.277 -0.161
V12 -0.024 -0.066  0.052  0.030 -0.097  0.131  0.061 -0.008  0.149  0.082
V13 -0.030  0.095 -0.003  0.052  0.121 -0.141 -0.096 -0.116 -0.202 -0.033
V14  0.125 -0.203  0.048 -0.032  0.067 -0.049 -0.157  0.086  0.007  0.041
V15  0.099  0.013 -0.107 -0.239  0.028  0.033 -0.089  0.063  0.026 -0.094
V16  0.033  0.000 -0.006 -0.013 -0.289  0.074  0.053 -0.026  0.099 -0.055
V17 -0.004  0.072 -0.025 -0.005  0.117 -0.198 -0.051  0.069 -0.080 -0.072
V18  0.008  0.033 -0.019 -0.014  0.119 -0.033  0.022 -0.117 -0.271 -0.149
V19 -0.263  0.118  0.044  0.091  0.114 -0.132  0.011  0.066 -0.032 -0.168
V20  0.035 -0.163  0.023  0.002 -0.273  0.164  0.126 -0.233  0.151  0.121
       V11    V12    V13    V14    V15    V16    V17    V18    V19    V20
V1   0.013 -0.024 -0.030  0.125  0.099  0.033 -0.004  0.008 -0.263  0.035
V2   0.103 -0.066  0.095 -0.203  0.013  0.000  0.072  0.033  0.118 -0.163
V3  -0.192  0.052 -0.003  0.048 -0.107 -0.006 -0.025 -0.019  0.044  0.023
V4   0.065  0.030  0.052 -0.032 -0.239 -0.013 -0.005 -0.014  0.091  0.002
V5   0.135 -0.097  0.121  0.067  0.028 -0.289  0.117  0.119  0.114 -0.273
V6  -0.225  0.131 -0.141 -0.049  0.033  0.074 -0.198 -0.033 -0.132  0.164
V7  -0.016  0.061 -0.096 -0.157 -0.089  0.053 -0.051  0.022  0.011  0.126
V8   0.065 -0.008 -0.116  0.086  0.063 -0.026  0.069 -0.117  0.066 -0.233
V9  -0.277  0.149 -0.202  0.007  0.026  0.099 -0.080 -0.271 -0.032  0.151
V10 -0.161  0.082 -0.033  0.041 -0.094 -0.055 -0.072 -0.149 -0.168  0.121
V11  1.000 -0.186  0.135 -0.033 -0.150 -0.021  0.091  0.114  0.026 -0.064
V12 -0.186  1.000 -0.261  0.024 -0.119  0.051 -0.321 -0.200 -0.011  0.152
V13  0.135 -0.261  1.000 -0.105 -0.120 -0.041  0.119  0.123  0.040 -0.163
V14 -0.033  0.024 -0.105  1.000  0.025 -0.143  0.012 -0.090 -0.212 -0.090
V15 -0.150 -0.119 -0.120  0.025  1.000  0.005  0.072  0.016 -0.001 -0.121
V16 -0.021  0.051 -0.041 -0.143  0.005  1.000 -0.032 -0.160 -0.170  0.113
V17  0.091 -0.321  0.119  0.012  0.072 -0.032  1.000  0.055  0.052 -0.245
V18  0.114 -0.200  0.123 -0.090  0.016 -0.160  0.055  1.000 -0.057 -0.025
V19  0.026 -0.011  0.040 -0.212 -0.001 -0.170  0.052 -0.057  1.000 -0.127
V20 -0.064  0.152 -0.163 -0.090 -0.121  0.113 -0.245 -0.025 -0.127  1.000
[1] "The counts generated in the last step look as follows:"
      [,1] [,2] [,3] [,4] [,5] [,6]
 [1,]    1    3    0    2    1    1
 [2,]    7    4    3    8    6    5
 [3,]    1    1    1    1    2    4
 [4,]    6    5    6    4    5    9
 [5,]    1    5    2    2    0    3
 [6,]    1    0    1    1    0    0
 [7,]    5    1    8    4    3    3
 [8,]    1    2    1    4    0    5
 [9,]    4    1    7    1    3    2
[10,]    0    2    2    0    1    2
[11,]    4    2    0    4    5    4
[12,]    2    3    5    3    1    5
[13,]    1   12    0    3    2    2
[14,]    1    3    1    3    1    1
[15,]    3    2    3    0    2    2
[16,]    3    3    4    2    4    5
[17,]    4    3    4   10    2    5
[18,]    0    4    2    1    5    3
[19,]    4    3    1    2    3    4
[20,]    3    1    2    0    3    1
[1] "The data was created with a eta of"
 [1] 2 2 2 2 2 2 2 2 2 2 2 2 2 2 2 2 2 2 2 2
[1] "The data was created with the following theta matrix:"
        [,1]   [,2]   [,3]   [,4]   [,5]   [,6]   [,7]   [,8]   [,9]  [,10]
 [1,]  0.000 -0.088 -0.086 -0.078  0.000  0.000 -0.086  0.000  0.000  0.000
 [2,] -0.088  0.000 -0.077  0.000  0.000 -0.078 -0.051  0.000  0.000  0.000
 [3,] -0.086 -0.077  0.000  0.000  0.000  0.000 -0.071  0.000  0.000 -0.091
 [4,] -0.078  0.000  0.000  0.000  0.000 -0.079  0.000  0.000  0.000  0.000
 [5,]  0.000  0.000  0.000  0.000  0.000 -0.099 -0.059  0.000 -0.060 -0.079
 [6,]  0.000 -0.078  0.000 -0.079 -0.099  0.000  0.000 -0.075  0.000  0.000
 [7,] -0.086 -0.051 -0.071  0.000 -0.059  0.000  0.000 -0.087  0.000  0.000
 [8,]  0.000  0.000  0.000  0.000  0.000 -0.075 -0.087  0.000 -0.076 -0.061
 [9,]  0.000  0.000  0.000  0.000 -0.060  0.000  0.000 -0.076  0.000  0.000
[10,]  0.000  0.000 -0.091  0.000 -0.079  0.000  0.000 -0.061  0.000  0.000
[11,]  0.000  0.000 -0.080  0.000  0.000 -0.097  0.000  0.000 -0.076 -0.078
[12,]  0.000  0.000  0.000  0.000  0.000  0.000  0.000  0.000  0.000  0.000
[13,]  0.000  0.000  0.000  0.000  0.000 -0.070 -0.056 -0.074 -0.054  0.000
[14,]  0.000 -0.081  0.000  0.000  0.000 -0.057 -0.079  0.000  0.000  0.000
[15,]  0.000  0.000 -0.086 -0.078  0.000  0.000 -0.053  0.000  0.000 -0.095
[16,]  0.000  0.000  0.000  0.000 -0.090  0.000  0.000  0.000  0.000 -0.072
[17,]  0.000  0.000  0.000  0.000  0.000 -0.064  0.000  0.000  0.000  0.000
[18,]  0.000  0.000  0.000  0.000  0.000  0.000  0.000 -0.081 -0.097 -0.091
[19,] -0.093  0.000  0.000  0.000  0.000 -0.059  0.000  0.000  0.000 -0.077
[20,]  0.000 -0.051  0.000  0.000 -0.090  0.000  0.000 -0.095  0.000  0.000
       [,11]  [,12]  [,13]  [,14]  [,15]  [,16]  [,17]  [,18]  [,19]  [,20]
 [1,]  0.000  0.000  0.000  0.000  0.000  0.000  0.000  0.000 -0.093  0.000
 [2,]  0.000  0.000  0.000 -0.081  0.000  0.000  0.000  0.000  0.000 -0.051
 [3,] -0.080  0.000  0.000  0.000 -0.086  0.000  0.000  0.000  0.000  0.000
 [4,]  0.000  0.000  0.000  0.000 -0.078  0.000  0.000  0.000  0.000  0.000
 [5,]  0.000  0.000  0.000  0.000  0.000 -0.090  0.000  0.000  0.000 -0.090
 [6,] -0.097  0.000 -0.070 -0.057  0.000  0.000 -0.064  0.000 -0.059  0.000
 [7,]  0.000  0.000 -0.056 -0.079 -0.053  0.000  0.000  0.000  0.000  0.000
 [8,]  0.000  0.000 -0.074  0.000  0.000  0.000  0.000 -0.081  0.000 -0.095
 [9,] -0.076  0.000 -0.054  0.000  0.000  0.000  0.000 -0.097  0.000  0.000
[10,] -0.078  0.000  0.000  0.000 -0.095 -0.072  0.000 -0.091 -0.077  0.000
[11,]  0.000 -0.055  0.000  0.000 -0.091  0.000  0.000  0.000  0.000  0.000
[12,] -0.055  0.000 -0.086  0.000 -0.088  0.000 -0.083 -0.063  0.000  0.000
[13,]  0.000 -0.086  0.000 -0.051 -0.085  0.000  0.000  0.000  0.000 -0.084
[14,]  0.000  0.000 -0.051  0.000  0.000 -0.067  0.000 -0.052 -0.100 -0.056
[15,] -0.091 -0.088 -0.085  0.000  0.000  0.000  0.000  0.000  0.000 -0.083
[16,]  0.000  0.000  0.000 -0.067  0.000  0.000  0.000 -0.074 -0.067  0.000
[17,]  0.000 -0.083  0.000  0.000  0.000  0.000  0.000  0.000  0.000 -0.065
[18,]  0.000 -0.063  0.000 -0.052  0.000 -0.074  0.000  0.000 -0.060  0.000
[19,]  0.000  0.000  0.000 -0.100  0.000 -0.067  0.000 -0.060  0.000 -0.050
[20,]  0.000  0.000 -0.084 -0.056 -0.083  0.000 -0.065  0.000 -0.050  0.000
[1] "The mean effective sample size is"
[1] 61478.23
[1] "The mean effective sample size without burnin is"
[1] 30700.87
