[1] "Convergence check with the Rubin-Gelman diagnostic"
[1] "All chains converged."
[1] "Convergence check with the acf diagnostic"
[1] "All chains converged."
[1] "This is the mean correlation matrix of the chosen samples, adjusted for autocorretion"
        V1     V2     V3     V4     V5     V6     V7     V8     V9    V10
V1   1.000  0.095  0.151  0.084 -0.219  0.084 -0.133 -0.281 -0.283 -0.092
V2   0.095  1.000  0.092  0.004 -0.054  0.014  0.012 -0.022 -0.286 -0.030
V3   0.151  0.092  1.000  0.088 -0.317  0.144  0.020 -0.063 -0.330 -0.367
V4   0.084  0.004  0.088  1.000 -0.015 -0.161  0.027 -0.350 -0.031 -0.223
V5  -0.219 -0.054 -0.317 -0.015  1.000 -0.234 -0.163  0.048  0.136  0.154
V6   0.084  0.014  0.144 -0.161 -0.234  1.000 -0.234  0.024 -0.069 -0.245
V7  -0.133  0.012  0.020  0.027 -0.163 -0.234  1.000  0.027  0.020  0.036
V8  -0.281 -0.022 -0.063 -0.350  0.048  0.024  0.027  1.000  0.082  0.100
V9  -0.283 -0.286 -0.330 -0.031  0.136 -0.069  0.020  0.082  1.000  0.108
V10 -0.092 -0.030 -0.367 -0.223  0.154 -0.245  0.036  0.100  0.108  1.000
[1] "The counts generated in the last step look as follows:"
      [,1] [,2] [,3] [,4] [,5] [,6]
 [1,]    0    1    1    0    1    4
 [2,]    8    3   11    7    4    2
 [3,]    1    3    3    4    0    3
 [4,]    7    1    1    2    1    2
 [5,]    4    4    2    6    3    0
 [6,]    2    0    0    3    1    2
 [7,]    9    9    7    5    4    5
 [8,]    5    5    1    8    6    3
 [9,]    6    8    4    5    4    4
[10,]    0    2    2    2    8    2
[1] "The data was created with a eta of"
 [1] 2 2 2 2 2 2 2 2 2 2
[1] "The data was created with the following theta matrix:"
        [,1]  [,2]   [,3]   [,4]   [,5]   [,6]   [,7]   [,8]   [,9]  [,10]
 [1,]  0.000  0.00  0.000  0.000 -0.077  0.000 -0.052 -0.075 -0.082  0.000
 [2,]  0.000  0.00  0.000  0.000  0.000  0.000  0.000  0.000 -0.060  0.000
 [3,]  0.000  0.00  0.000  0.000 -0.092  0.000  0.000  0.000 -0.096 -0.099
 [4,]  0.000  0.00  0.000  0.000  0.000 -0.079  0.000 -0.085  0.000 -0.070
 [5,] -0.077  0.00 -0.092  0.000  0.000 -0.097 -0.077  0.000  0.000  0.000
 [6,]  0.000  0.00  0.000 -0.079 -0.097  0.000 -0.092  0.000  0.000 -0.080
 [7,] -0.052  0.00  0.000  0.000 -0.077 -0.092  0.000  0.000  0.000  0.000
 [8,] -0.075  0.00  0.000 -0.085  0.000  0.000  0.000  0.000  0.000  0.000
 [9,] -0.082 -0.06 -0.096  0.000  0.000  0.000  0.000  0.000  0.000  0.000
[10,]  0.000  0.00 -0.099 -0.070  0.000 -0.080  0.000  0.000  0.000  0.000
[1] "The mean effective sample size is"
[1] 64105.77
[1] "The mean effective sample size without burnin is"
[1] 31927.22
