[1] "Convergence check with the Rubin-Gelman diagnostic"
[1] "All chains converged."
[1] "Convergence check with the acf diagnostic"
[1] "All chains converged."
[1] "This is the mean correlation matrix of the chosen samples, adjusted for autocorretion"
        V1     V2     V3     V4     V5     V6     V7     V8     V9    V10
V1   1.000 -0.028  0.107  0.122 -0.171 -0.011 -0.234  0.094 -0.013 -0.143
V2  -0.028  1.000  0.029  0.133 -0.119  0.142 -0.173 -0.037 -0.017 -0.129
V3   0.107  0.029  1.000 -0.071 -0.234  0.050  0.066  0.142 -0.082  0.120
V4   0.122  0.133 -0.071  1.000 -0.096  0.044 -0.195 -0.024  0.009 -0.106
V5  -0.171 -0.119 -0.234 -0.096  1.000 -0.043 -0.075 -0.176  0.000 -0.085
V6  -0.011  0.142  0.050  0.044 -0.043  1.000 -0.191 -0.059 -0.014 -0.121
V7  -0.234 -0.173  0.066 -0.195 -0.075 -0.191  1.000  0.112 -0.082  0.107
V8   0.094 -0.037  0.142 -0.024 -0.176 -0.059  0.112  1.000 -0.053 -0.016
V9  -0.013 -0.017 -0.082  0.009  0.000 -0.014 -0.082 -0.053  1.000  0.001
V10 -0.143 -0.129  0.120 -0.106 -0.085 -0.121  0.107 -0.016  0.001  1.000
V11 -0.179 -0.058 -0.183 -0.074  0.012 -0.047  0.122 -0.040 -0.022 -0.098
V12 -0.170  0.016 -0.268 -0.032 -0.036 -0.080  0.055 -0.126  0.016  0.120
V13 -0.186 -0.111 -0.205 -0.114  0.139 -0.070  0.140 -0.105 -0.053 -0.163
V14  0.061 -0.138  0.078 -0.130  0.117 -0.120  0.078 -0.176 -0.105 -0.164
V15 -0.007  0.027 -0.170 -0.006  0.004  0.087 -0.132 -0.049  0.006 -0.126
V16 -0.109 -0.075  0.064 -0.063  0.057 -0.063 -0.110 -0.021 -0.021  0.137
V17  0.107 -0.012 -0.174  0.102 -0.064 -0.021 -0.143 -0.075  0.016 -0.112
V18  0.096 -0.050 -0.140  0.000 -0.015 -0.009 -0.114 -0.041  0.007 -0.109
V19 -0.018 -0.006 -0.159 -0.013 -0.040 -0.026 -0.024  0.102  0.001 -0.105
V20 -0.050 -0.084  0.073 -0.044  0.114 -0.038 -0.172 -0.235 -0.087  0.134
       V11    V12    V13    V14    V15    V16    V17    V18    V19    V20
V1  -0.179 -0.170 -0.186  0.061 -0.007 -0.109  0.107  0.096 -0.018 -0.050
V2  -0.058  0.016 -0.111 -0.138  0.027 -0.075 -0.012 -0.050 -0.006 -0.084
V3  -0.183 -0.268 -0.205  0.078 -0.170  0.064 -0.174 -0.140 -0.159  0.073
V4  -0.074 -0.032 -0.114 -0.130 -0.006 -0.063  0.102  0.000 -0.013 -0.044
V5   0.012 -0.036  0.139  0.117  0.004  0.057 -0.064 -0.015 -0.040  0.114
V6  -0.047 -0.080 -0.070 -0.120  0.087 -0.063 -0.021 -0.009 -0.026 -0.038
V7   0.122  0.055  0.140  0.078 -0.132 -0.110 -0.143 -0.114 -0.024 -0.172
V8  -0.040 -0.126 -0.105 -0.176 -0.049 -0.021 -0.075 -0.041  0.102 -0.235
V9  -0.022  0.016 -0.053 -0.105  0.006 -0.021  0.016  0.007  0.001 -0.087
V10 -0.098  0.120 -0.163 -0.164 -0.126  0.137 -0.112 -0.109 -0.105  0.134
V11  1.000 -0.023  0.154 -0.115  0.031 -0.084 -0.041  0.006  0.103 -0.169
V12 -0.023  1.000 -0.025 -0.107  0.000 -0.047 -0.016 -0.030 -0.057  0.061
V13  0.154 -0.025  1.000  0.129 -0.008 -0.097 -0.027 -0.059  0.014 -0.108
V14 -0.115 -0.107  0.129  1.000 -0.092 -0.127 -0.037 -0.076 -0.168  0.128
V15  0.031  0.000 -0.008 -0.092  1.000 -0.044  0.026  0.033  0.005 -0.120
V16 -0.084 -0.047 -0.097 -0.127 -0.044  1.000 -0.063 -0.048 -0.023  0.012
V17 -0.041 -0.016 -0.027 -0.037  0.026 -0.063  1.000  0.044  0.005 -0.085
V18  0.006 -0.030 -0.059 -0.076  0.033 -0.048  0.044  1.000  0.017 -0.032
V19  0.103 -0.057  0.014 -0.168  0.005 -0.023  0.005  0.017  1.000 -0.171
V20 -0.169  0.061 -0.108  0.128 -0.120  0.012 -0.085 -0.032 -0.171  1.000
[1] "The counts generated in the last step look as follows:"
      [,1] [,2] [,3] [,4] [,5] [,6]
 [1,]   26   29   16   24   25   20
 [2,]   17   18   24   13   14   16
 [3,]   70   66   51   45   73   57
 [4,]   10    8   15   20   12   16
 [5,]   17   19   22   17   20   18
 [6,]   13   15   11   12   13   16
 [7,]   40   37   36   30   50   38
 [8,]   26   21   21   22   17   14
 [9,]    2   10    4   10    4    9
[10,]   21   27   28   35   26   27
[11,]   20   12   17   21   12   16
[12,]   15   14   14   12   18   18
[13,]   25   26   20   15   13   19
[14,]   38   34   45   45   38   32
[15,]    9   15    7   12   10    9
[16,]    7   16   20   18   21   22
[17,]    7   12    7   16    9    9
[18,]    2   14    9    9    6    6
[19,]   11   12   10   12   10   16
[20,]   33   17   34   26   37   33
[1] "The data was created with a eta of"
 [1] 5 5 5 5 5 5 5 5 5 5 5 5 5 5 5 5 5 5 5 5
[1] "The data was created with the following theta matrix:"
        [,1]   [,2]   [,3]   [,4]   [,5]   [,6]   [,7]   [,8]   [,9]  [,10]
 [1,]  0.000 -0.008  0.000  0.000 -0.009 -0.007 -0.009  0.000 -0.007 -0.007
 [2,] -0.008  0.000  0.000  0.000 -0.007  0.000 -0.008 -0.006 -0.008 -0.009
 [3,]  0.000  0.000  0.000 -0.005 -0.008  0.000  0.000  0.000 -0.005  0.000
 [4,]  0.000  0.000 -0.005  0.000 -0.008 -0.006 -0.009 -0.006 -0.009 -0.008
 [5,] -0.009 -0.007 -0.008 -0.008  0.000 -0.006 -0.006 -0.007 -0.006 -0.006
 [6,] -0.007  0.000  0.000 -0.006 -0.006  0.000 -0.010 -0.008 -0.007 -0.008
 [7,] -0.009 -0.008  0.000 -0.009 -0.006 -0.010  0.000  0.000 -0.007  0.000
 [8,]  0.000 -0.006  0.000 -0.006 -0.007 -0.008  0.000  0.000 -0.009 -0.006
 [9,] -0.007 -0.008 -0.005 -0.009 -0.006 -0.007 -0.007 -0.009  0.000 -0.005
[10,] -0.007 -0.009  0.000 -0.008 -0.006 -0.008  0.000 -0.006 -0.005  0.000
[11,] -0.010 -0.008 -0.005 -0.008 -0.005 -0.008  0.000 -0.008 -0.009 -0.007
[12,] -0.007  0.000 -0.009 -0.007 -0.007 -0.008  0.000 -0.008 -0.007  0.000
[13,] -0.009 -0.008 -0.006 -0.009  0.000 -0.006  0.000 -0.007 -0.009 -0.009
[14,]  0.000 -0.007  0.000 -0.009  0.000 -0.008  0.000 -0.009 -0.010 -0.009
[15,] -0.005 -0.005 -0.007 -0.009 -0.006  0.000 -0.008 -0.007 -0.008 -0.008
[16,] -0.010 -0.009  0.000 -0.008  0.000 -0.010 -0.009 -0.007 -0.008  0.000
[17,]  0.000 -0.007 -0.009  0.000 -0.009 -0.008 -0.009 -0.009 -0.007 -0.008
[18,]  0.000 -0.010 -0.008 -0.009 -0.006 -0.008 -0.008 -0.007 -0.009 -0.009
[19,] -0.005 -0.006 -0.008 -0.008 -0.007 -0.007 -0.005  0.000 -0.010 -0.008
[20,] -0.005 -0.007  0.000 -0.006  0.000 -0.006 -0.009 -0.010 -0.010  0.000
       [,11]  [,12]  [,13]  [,14]  [,15]  [,16]  [,17]  [,18]  [,19]  [,20]
 [1,] -0.010 -0.007 -0.009  0.000 -0.005 -0.010  0.000  0.000 -0.005 -0.005
 [2,] -0.008  0.000 -0.008 -0.007 -0.005 -0.009 -0.007 -0.010 -0.006 -0.007
 [3,] -0.005 -0.009 -0.006  0.000 -0.007  0.000 -0.009 -0.008 -0.008  0.000
 [4,] -0.008 -0.007 -0.009 -0.009 -0.009 -0.008  0.000 -0.009 -0.008 -0.006
 [5,] -0.005 -0.007  0.000  0.000 -0.006  0.000 -0.009 -0.006 -0.007  0.000
 [6,] -0.008 -0.008 -0.006 -0.008  0.000 -0.010 -0.008 -0.008 -0.007 -0.006
 [7,]  0.000  0.000  0.000  0.000 -0.008 -0.009 -0.009 -0.008 -0.005 -0.009
 [8,] -0.008 -0.008 -0.007 -0.009 -0.007 -0.007 -0.009 -0.007  0.000 -0.010
 [9,] -0.009 -0.007 -0.009 -0.010 -0.008 -0.008 -0.007 -0.009 -0.010 -0.010
[10,] -0.007  0.000 -0.009 -0.009 -0.008  0.000 -0.008 -0.009 -0.008  0.000
[11,]  0.000 -0.006  0.000 -0.009 -0.005 -0.009 -0.007 -0.006  0.000 -0.008
[12,] -0.006  0.000 -0.006 -0.006 -0.005 -0.007 -0.008 -0.008 -0.009  0.000
[13,]  0.000 -0.006  0.000  0.000 -0.006 -0.007 -0.006 -0.008 -0.006 -0.007
[14,] -0.009 -0.006  0.000  0.000 -0.007 -0.008 -0.005 -0.009 -0.010  0.000
[15,] -0.005 -0.005 -0.006 -0.007  0.000 -0.006 -0.009 -0.007 -0.007 -0.009
[16,] -0.009 -0.007 -0.007 -0.008 -0.006  0.000 -0.009 -0.010 -0.006 -0.006
[17,] -0.007 -0.008 -0.006 -0.005 -0.009 -0.009  0.000 -0.006 -0.008 -0.009
[18,] -0.006 -0.008 -0.008 -0.009 -0.007 -0.010 -0.006  0.000 -0.008 -0.006
[19,]  0.000 -0.009 -0.006 -0.010 -0.007 -0.006 -0.008 -0.008  0.000 -0.008
[20,] -0.008  0.000 -0.007  0.000 -0.009 -0.006 -0.009 -0.006 -0.008  0.000
[1] "The mean effective sample size is"
[1] 68733.22
[1] "The mean effective sample size without burnin is"
[1] 34279.78
