[1] "Convergence check with the Rubin-Gelman diagnostic"
[1] "All chains converged."
[1] "Convergence check with the acf diagnostic"
[1] "All chains converged."
[1] "This is the mean correlation matrix of the chosen samples, adjusted for autocorretion"
        V1     V2     V3     V4     V5     V6     V7     V8     V9    V10
V1   1.000  0.231  0.059 -0.023 -0.102  0.029  0.049  0.049 -0.382  0.087
V2   0.231  1.000  0.019 -0.134  0.014  0.087  0.008  0.308 -0.463 -0.032
V3   0.059  0.019  1.000 -0.010 -0.133  0.102 -0.280  0.067 -0.003 -0.059
V4  -0.023 -0.134 -0.010  1.000  0.058  0.107 -0.295  0.038  0.034 -0.050
V5  -0.102  0.014 -0.133  0.058  1.000 -0.202  0.072 -0.130 -0.175 -0.010
V6   0.029  0.087  0.102  0.107 -0.202  1.000 -0.316  0.126 -0.022 -0.061
V7   0.049  0.008 -0.280 -0.295  0.072 -0.316  1.000 -0.069 -0.028  0.086
V8   0.049  0.308  0.067  0.038 -0.130  0.126 -0.069  1.000 -0.405 -0.041
V9  -0.382 -0.463 -0.003  0.034 -0.175 -0.022 -0.028 -0.405  1.000 -0.129
V10  0.087 -0.032 -0.059 -0.050 -0.010 -0.061  0.086 -0.041 -0.129  1.000
V11 -0.223 -0.340 -0.015  0.039  0.025 -0.066  0.054 -0.327  0.278 -0.046
V12  0.100  0.003 -0.103 -0.142 -0.344  0.009  0.032 -0.095  0.076  0.037
V13  0.005  0.091 -0.182 -0.177 -0.323  0.069  0.082  0.040  0.050 -0.064
V14 -0.090 -0.174 -0.084  0.005 -0.220  0.104  0.012 -0.016  0.131  0.023
V15 -0.016 -0.230  0.103 -0.022  0.129 -0.179  0.015 -0.045  0.069 -0.084
V16 -0.254 -0.358 -0.105 -0.106  0.147 -0.226  0.154 -0.385  0.282 -0.026
V17  0.003  0.205 -0.155 -0.157  0.049  0.027  0.127  0.113 -0.107 -0.029
V18 -0.018 -0.009  0.084  0.085  0.297 -0.306  0.072 -0.001 -0.069  0.030
V19 -0.083 -0.126  0.074 -0.032 -0.012  0.052 -0.228 -0.122  0.103 -0.053
V20 -0.135  0.080  0.011  0.163 -0.023  0.130 -0.349  0.167 -0.016 -0.107
       V11    V12    V13    V14    V15    V16    V17    V18    V19    V20
V1  -0.223  0.100  0.005 -0.090 -0.016 -0.254  0.003 -0.018 -0.083 -0.135
V2  -0.340  0.003  0.091 -0.174 -0.230 -0.358  0.205 -0.009 -0.126  0.080
V3  -0.015 -0.103 -0.182 -0.084  0.103 -0.105 -0.155  0.084  0.074  0.011
V4   0.039 -0.142 -0.177  0.005 -0.022 -0.106 -0.157  0.085 -0.032  0.163
V5   0.025 -0.344 -0.323 -0.220  0.129  0.147  0.049  0.297 -0.012 -0.023
V6  -0.066  0.009  0.069  0.104 -0.179 -0.226  0.027 -0.306  0.052  0.130
V7   0.054  0.032  0.082  0.012  0.015  0.154  0.127  0.072 -0.228 -0.349
V8  -0.327 -0.095  0.040 -0.016 -0.045 -0.385  0.113 -0.001 -0.122  0.167
V9   0.278  0.076  0.050  0.131  0.069  0.282 -0.107 -0.069  0.103 -0.016
V10 -0.046  0.037 -0.064  0.023 -0.084 -0.026 -0.029  0.030 -0.053 -0.107
V11  1.000  0.031  0.020  0.015 -0.094  0.273 -0.195  0.006  0.005 -0.225
V12  0.031  1.000  0.242  0.075 -0.065 -0.154 -0.108 -0.368  0.023  0.022
V13  0.020  0.242  1.000  0.210 -0.373 -0.055  0.128 -0.467 -0.038 -0.032
V14  0.015  0.075  0.210  1.000 -0.171  0.047 -0.046 -0.324  0.041 -0.076
V15 -0.094 -0.065 -0.373 -0.171  1.000  0.133 -0.261  0.238 -0.043  0.067
V16  0.273 -0.154 -0.055  0.047  0.133  1.000 -0.174  0.092  0.067 -0.237
V17 -0.195 -0.108  0.128 -0.046 -0.261 -0.174  1.000 -0.025  0.005 -0.183
V18  0.006 -0.368 -0.467 -0.324  0.238  0.092 -0.025  1.000 -0.128  0.004
V19  0.005  0.023 -0.038  0.041 -0.043  0.067  0.005 -0.128  1.000 -0.017
V20 -0.225  0.022 -0.032 -0.076  0.067 -0.237 -0.183  0.004 -0.017  1.000
[1] "The counts generated in the last step look as follows:"
      [,1] [,2] [,3] [,4] [,5] [,6]
 [1,]   20   26   32   22   21   30
 [2,]   46   65   49   42   35   36
 [3,]   10   15   13   22   12   12
 [4,]   16   18   15   16   18   10
 [5,]   29   25   38   30   42   27
 [6,]    9   12    8   10    8    9
 [7,]   75   90   98   95   85   97
 [8,]   41   60   25   45   32   25
 [9,]   48   32   57   50   59   55
[10,]    5    5   13    3   13   13
[11,]   23   22   40   41   32   52
[12,]   33   25   21   23   26   34
[13,]   38   35   17   32   21   30
[14,]    9    6   11   11   14    7
[15,]   44   36   37   27   55   29
[16,]   25   13   26   21   19   18
[17,]   28   30   24   37   28   28
[18,]   85   82   82   84   91   80
[19,]    7    6    3    4    5    2
[20,]   37   30   24   16   18   18
[1] "The data was created with a eta of"
 [1] 5 5 5 5 5 5 5 5 5 5 5 5 5 5 5 5 5 5 5 5
[1] "The data was created with the following theta matrix:"
        [,1]   [,2]   [,3]   [,4]   [,5]   [,6]   [,7]   [,8]   [,9]  [,10]
 [1,]  0.000  0.000  0.000  0.000 -0.006  0.000  0.000 -0.008 -0.010  0.000
 [2,]  0.000  0.000  0.000 -0.007  0.000  0.000  0.000  0.000 -0.007 -0.008
 [3,]  0.000  0.000  0.000 -0.009 -0.009  0.000 -0.007  0.000  0.000 -0.009
 [4,]  0.000 -0.007 -0.009  0.000  0.000  0.000 -0.007  0.000  0.000 -0.009
 [5,] -0.006  0.000 -0.009  0.000  0.000 -0.007  0.000 -0.007 -0.006 -0.005
 [6,]  0.000  0.000  0.000  0.000 -0.007  0.000 -0.008  0.000  0.000 -0.007
 [7,]  0.000  0.000 -0.007 -0.007  0.000 -0.008  0.000  0.000  0.000  0.000
 [8,] -0.008  0.000  0.000  0.000 -0.007  0.000  0.000  0.000 -0.009 -0.007
 [9,] -0.010 -0.007  0.000  0.000 -0.006  0.000  0.000 -0.009  0.000 -0.008
[10,]  0.000 -0.008 -0.009 -0.009 -0.005 -0.007  0.000 -0.007 -0.008  0.000
[11,] -0.007 -0.007  0.000  0.000  0.000  0.000  0.000 -0.006  0.000 -0.007
[12,]  0.000  0.000 -0.007 -0.006 -0.009 -0.008  0.000 -0.005  0.000  0.000
[13,]  0.000  0.000 -0.008 -0.008 -0.008 -0.007  0.000  0.000  0.000 -0.010
[14,] -0.008 -0.010 -0.007  0.000 -0.009  0.000  0.000  0.000  0.000  0.000
[15,]  0.000 -0.006  0.000 -0.005  0.000 -0.006  0.000  0.000  0.000 -0.010
[16,] -0.009 -0.006 -0.008 -0.009  0.000 -0.009  0.000 -0.009  0.000 -0.007
[17,] -0.006  0.000 -0.009 -0.008  0.000  0.000  0.000  0.000  0.000 -0.009
[18,]  0.000  0.000  0.000  0.000  0.000 -0.010  0.000  0.000  0.000  0.000
[19,] -0.005 -0.007  0.000 -0.009  0.000 -0.006 -0.010 -0.006  0.000 -0.010
[20,] -0.009  0.000 -0.007  0.000  0.000  0.000 -0.006  0.000  0.000 -0.009
       [,11]  [,12]  [,13]  [,14]  [,15]  [,16]  [,17]  [,18]  [,19]  [,20]
 [1,] -0.007  0.000  0.000 -0.008  0.000 -0.009 -0.006  0.000 -0.005 -0.009
 [2,] -0.007  0.000  0.000 -0.010 -0.006 -0.006  0.000  0.000 -0.007  0.000
 [3,]  0.000 -0.007 -0.008 -0.007  0.000 -0.008 -0.009  0.000  0.000 -0.007
 [4,]  0.000 -0.006 -0.008  0.000 -0.005 -0.009 -0.008  0.000 -0.009  0.000
 [5,]  0.000 -0.009 -0.008 -0.009  0.000  0.000  0.000  0.000  0.000  0.000
 [6,]  0.000 -0.008 -0.007  0.000 -0.006 -0.009  0.000 -0.010 -0.006  0.000
 [7,]  0.000  0.000  0.000  0.000  0.000  0.000  0.000  0.000 -0.010 -0.006
 [8,] -0.006 -0.005  0.000  0.000  0.000 -0.009  0.000  0.000 -0.006  0.000
 [9,]  0.000  0.000  0.000  0.000  0.000  0.000  0.000  0.000  0.000  0.000
[10,] -0.007  0.000 -0.010  0.000 -0.010 -0.007 -0.009  0.000 -0.010 -0.009
[11,]  0.000  0.000  0.000 -0.007 -0.006  0.000 -0.007  0.000 -0.007 -0.008
[12,]  0.000  0.000  0.000 -0.006  0.000 -0.009 -0.006 -0.006  0.000  0.000
[13,]  0.000  0.000  0.000  0.000 -0.009  0.000  0.000 -0.007 -0.007  0.000
[14,] -0.007 -0.006  0.000  0.000 -0.008  0.000 -0.008 -0.009 -0.006 -0.008
[15,] -0.006  0.000 -0.009 -0.008  0.000  0.000 -0.007  0.000 -0.006  0.000
[16,]  0.000 -0.009  0.000  0.000  0.000  0.000 -0.009  0.000  0.000 -0.009
[17,] -0.007 -0.006  0.000 -0.008 -0.007 -0.009  0.000  0.000  0.000 -0.010
[18,]  0.000 -0.006 -0.007 -0.009  0.000  0.000  0.000  0.000 -0.006  0.000
[19,] -0.007  0.000 -0.007 -0.006 -0.006  0.000  0.000 -0.006  0.000 -0.007
[20,] -0.008  0.000  0.000 -0.008  0.000 -0.009 -0.010  0.000 -0.007  0.000
[1] "The mean effective sample size is"
[1] 49086.14
[1] "The mean effective sample size without burnin is"
[1] 24390.52
